506
880
29
349
725
476
456
561
675
955
121
195
314
67
47
715
61
388
912
854
578
753
500
513
532
153
881
934
551
748
207
996
371
966
835
822
293
455
17
579
376
688
31
411
17
432
711
981
695
185
418
910
105
530
43
91
810
102
818
466
621
701
716
951
666
632
78
123
684
935
253
165
471
745
655
65
817
982
934
236
690
722
778
499
952
36
710
527
778
95
856
146
324
806
807
218
564
341
522
263
647
551
27
820
701
822
487
879
903
633
786
986
248
584
349
996
478
754
768
523
663
927
973
224
875
93
367
783
646
272
864
660
539
96
768
630
256
37
177
953
486
932
12
509
663
428
998
511
665
604
283
764
581
269
988
944
863
551
780
64
329
134
109
505
200
135
481
899
980
894
906
851
878
723
35
495
391
84
878
520
445
593
275
795
360
419
534
987
596
772
933
308
514
715
38
684
832
185
411
824
881
229
308
818
935
240
308
886
597
53
458
199
891
413
668
303
137
293
433
647
827
41
792
420
468
144
224
76
75
243
102
157
772
211
382
355
899
917
67
546
290
282
60
279
377
801
780
58
703
419
434
512
336
321
744
999
276
533
862
409
666
829
616
849
615
27
626
505
139
352
593
968
146
361
834
951
163
316
170
93
594
446
505
601
718
803
323
524
522
521
97
811
14
926
135
864
473
367
525
576
36
405
363
843
976
552
993
690
172
784
387
199
860
821
11
732
626
814
366
568
979
807
276
264
555
2
530
82
33
610
916
309
137
799
716
425
861
655
67
808
963
788
6
117
893
185
246
417
402
449
302
257
771
726
991
967
287
951
581
119
803
837
328
215
7
738
187
898
583
532
662
788
174
990
162
3
433
301
108
623
832
316
869
471
704
619
386
491
42
297
740
247
239
624
961
871
885
285
654
47
327
486
632
95
395
40
31
288
192
651
108
722
372
870
529
782
864
260
676
30
158
596
936
49
833
477
109
100
60
670
292
996
988
762
345
7
925
119
259
343
703
444
770
379
808
626
490
864
118
687
973
549
3
992
241
900
426
753
47
212
882
509
358
789
561
357
958
754
82
130
699
689
378
288
340
695
678
494
600
258
882
957
832
424
866
378
196
819
650
291
976
240
479
451
716
659
786
734
521
30
69
246
110
280
744
37
64
450
157
295
344
65
884
891
321
995
418
23
489
815
369
441
189
39
82
388
458
638
994
766
158
781
555
355
42
54
688
484
322
919
109
613
715
507
609
260
533
248
634
748
726
471
647
994
288
657
209
951
775
87
262
865
183
558
879
637
474
125
335
368
706
479
327
843
404
235
859
514
440
921
483
6
577
407
968
522
575
443
313
494
719
863
276
772
936
998
65
641
478
829
487
558
488
402
464
139
675
510
635
491
67
520
676
694
778
958
858
661
268
737
278
660
156
536
940
947
614
95
905
767
541
690
461
604
381
311
834
123
747
290
600
261
705
129
416
361
925
312
52
950
458
434
227
617
794
48
168
344
589
54
180
974
479
546
301
916
4
714
205
644
591
100
667
193
738
1
778
77
823
966
430
486
477
808
315
940
395
664
187
469
413
248
546
929
372
691
586
237
126
406
766
299
385
221
494
906
561
739
402
561
934
55
953
954
399
319
858
990
255
47
643
225
748
186
153
968
357
599
728
999
652
555
601
106
277
363
640
222
302
209
191
7
289
727
304
530
688
923
384
451
664
967
270
0
390
312
503
324
40
310
688
471
390
657
746
687
437
917
78
698
234
794
807
797
1
73
420
90
330
10
596
713
515
893
79
17
835
611
257
400
493
303
570
69
770
680
255
725
403
826
936
874
843
135
161
72
588
998
905
366
441
435
30
627
826
976
693
491
527
755
864
817
310
108
594
446
438
615
12
641
595
541
203
848
894
52
700
782
726
848
359
240
808
838
75
19
763
665
473
131
61
504
234
673
710
243
596
119
103
383
357
111
96
97
645
791
988
888
352
308
535
897
856
955
951
316
403
283
202
716
312
763
146
617
713
544
143
143
129
649
598
703
154
603
494
913
145
140
752
45
917
763
340
110
511
198
206
259
580
722
495
361
980
811
746
79
477
79
263
125
342
322
212
353
146
227
121
916
97
71
285
748
565
23
2
306
84
489
100
632
815
576
874
254
468
27
137
473
526
761
922
761
544
991
876
554
127
264
364
26
992
931
205
610
415
617
470
594
297
92
154
607
104
198
154
145
717
545
476
629
762
987
260
228
398
316
463
272
10
51
574
704
465
814
595
102
408
169
51
721
664
888
338
953
375
448
509
809
288
340
259
889
316
164
417
321
714
974
178
271
191
229
181
262
399
725
460
34
696
909
69
267
730
239
587
403
920
310
782
177
133
37
341
345
52
128
724
270
66
210
824
305
938
991
138
109
214
85
790
351
499
616
668
833
33
141
399
557
983
98
810
406
857
314
551
998
673
712
452
720
991
975
872
832
801
529
921
34
959
770
688
794
931
744
526
62
381
930
902
257
695
131
991
415
686
155
588
979
645
641
423
871
910
268
192
502
972
166
426
294
868
548
736
594
737
612
784
748
871
994
403
260
325
169
641
473
777
988
282
812
381
167
600
429
24
178
652
943
58
922
31
6
9
311
153
332
739
578
512
613
407
944
25
901
420
530
489
867
107
206
583
260
620
850
344
997
219
821
240
987
357
984
995
863
479
168
129
471
112
752
37
752
32
989
547
854
248
882
912
167
228
436
677
831
416
940
83
98
138
344
974
489
995
594
396
331
131
682
255
599
153
963
820
693
857
141
850
934
248
997
534
480
48
42
748
35
813
10
264
893
415
156
811
500
604
676
498
94
999
709
368
896
644
647
711
372
105
83
717
67
828
437
144
929
914
673
589
326
455
894
265
470
293
419
889
19
456
391
537
251
415
633
938
336
847
334
723
497
606
746
798
516
802
983
361
830
779
611
201
475
513
644
3
497
333
449
809
915
112
839
534
338
791
596
783
880
620
609
502
83
631
894
19
59
56
814
643
500
485
307
578
924
781
429
960
270
297
76
897
438
501
462
957
523
188
430
235
745
161
35
177
251
963
476
68
776
126
179
827
402
849
608
419
372
287
496
348
722
429
275
539
227
895
596
143
496
429
66
843
490
934
998
919
765
302
887
488
309
164
33
434
660
514
289
306
175
52
840
226
650
943
306
371
401
14
678
353
962
958
468
147
407
387
443
273
892
97
593
324
984
567
525
302
907
247
463
306
470
747
690
369
911
802
914
844
270
142
382
30
278
328
79
498
220
382
395
383
864
632
236
29
612
301
873
170
368
615
203
662
376
743
788
78
127
201
304
127
312
240
782
297
285
751
650
172
979
506
916
413
134
209
231
185
358
710
518
435
296
771
198
228
382
973
475
120
366
657
616
24
925
345
61
941
98
46
121
804
603
646
779
61
901
702
456
456
769
682
79
297
584
699
576
943
856
867
746
409
988
516
409
955
935
526
239
141
855
301
576
827
666
364
348
370
842
494
656
798
16
621
543
994
930
720
769
59
942
435
575
802
312
955
960
696
577
576
947
553
886
610
173
371
648
932
396
197
240
346
4
531
302
612
348
65
130
117
683
450
253
122
829
667
285
563
854
850
189
52
729
133
2
7
143
116
87
196
300
706
946
431
509
983
584
868
513
660
612
464
182
385
623
143
883
977
129
281
777
238
861
61
398
379
720
476
75
901
645
994
494
477
868
104
168
238
302
622
855
955
695
428
766
393
696
202
534
828
540
306
887
353
477
562
319
814
769
399
321
542
628
964
152
225
871
438
621
732
27
430
843
968
877
781
934
4
936
134
685
205
739
103
608
303
256
319
259
18
11
308
856
689
350
352
288
127
906
689
631
444
324
990
844
554
723
411
454
9
8
333
272
482
578
248
701
424
161
2
934
558
752
354
806
508
390
717
128
660
852
736
972
271
930
447
574
442
156
43
154
367
975
225
779
14
168
325
752
965
428
554
344
726
610
356
452
542
381
478
149
448
277
257
473
364
74
398
437
252
711
902
135
608
693
215
712
510
889
345
839
2
248
891
127
743
815
35
105
547
824
170
256
454
357
904
410
992
841
226
47
42
318
875
927
704
139
895
983
700
431
418
48
606
511
313
984
496
534
987
838
121
646
660
905
174
604
991
92
636
216
131
491
146
93
908
440
747
650
677
694
152
455
518
808
227
966
911
638
997
659
927
308
137
607
919
510
756
470
600
711
473
937
735
676
10
346
970
566
769
155
242
116
887
769
156
323
224
283
282
293
981
941
38
957
914
666
417
831
674
557
886
276
650
503
187
257
550
126
591
2
98
900
865
184
161
88
331
206
885
247
421
887
451
722
633
849
993
844
369
533
386
142
911
943
374
259
528
561
678
755
291
60
283
186
303
859
948
841
594
869
331
246
337
979
675
631
726
848
544
335
348
820
824
966
66
394
559
709
584
382
568
775
858
137
809
284
701
8
327
475
648
15
536
190
142
370
693
529
970
779
584
790
858
283
521
942
614
139
680
734
616
504
885
416
369
980
607
734
909
426
775
602
167
214
262
543
180
540
518
983
763
701
815
89
130
983
883
143
984
853
755
571
194
294
344
794
738
651
129
878
188
779
710
49
404
468
238
736
92
40
131
826
525
219
153
585
897
142
842
161
942
198
555
405
882
131
143
275
221
179
483
318
897
168
735
758
818
749
912
147
455
185
425
856
740
738
656
413
67
811
964
338
970
295
825
451
798
141
984
937
196
449
960
958
799
578
261
305
549
804
502
395
921
795
35
266
97
644
546
756
502
141
676
172
590
669
856
882
3
666
653
508
925
961
986
711
215
267
177
695
370
719
423
303
786
98
930
182
856
645
876
450
322
258
39
914
871
161
287
407
833
203
696
376
371
703
903
465
399
768
718
754
203
292
195
524
728
49
862
231
309
967
306
446
477
690
976
8
333
263
415
479
364
135
949
30
458
143
344
58
734
544
527
455
15
539
99
977
664
840
873
147
310
131
434
664
312
450
235
745
325
864
169
697
416
102
318
367
57
817
124
178
686
991
831
854
747
48
697
982
145
542
582
387
280
834
825
333
126
77
526
889
623
748
14
577
487
859
347
259
671
258
97
278
107
110
976
882
836
169
334
643
565
583
411
621
490
95
565
504
718
892
796
416
64
881
335
140
882
994
731
654
704
49
734
410
528
292
370
546
57
910
880
52
819
742
680
447
417
637
414
56
324
454
366
733
633
424
370
990
303
680
294
771
876
885
199
66
141
461
403
150
128
237
637
684
25
961
563
399
955
674
750
500
441
38
82
864
923
637
491
332
445
122
536
961
343
471
601
892
991
345
590
835
281
418
131
137
750
104
884
84
620
435
657
923
468
381
320
900
246
130
721
488
634
180
297
586
946
748
634
361
69
97
367
966
773
597
560
594
902
867
452
572
429
434
319
256
66
477
908
36
68
790
738
719
647
278
110
32
600
526
185
724
849
579
433
401
210
605
457
344
287
104
172
558
36
176
105
577
594
685
301
947
823
409
100
642
610
401
502
83
805
438
912
104
584
854
351
967
222
932
475
756
361
916
416
717
361
759
375
669
553
338
862
662
480
81
127
48
582
498
197
361
655
800
990
642
765
926
606
685
302
560
843
351
192
40
491
617
891
724
225
454
405
419
697
565
616
541
825
37
435
213
594
983
582
457
783
566
858
678
316
859
796
378
119
178
351
625
774
343
911
879
369
63
134
188
936
71
582
515
122
865
120
235
3
920
636
43
87
869
484
387
515
718
961
574
227
775
374
16
693
969
601
206
894
920
225
685
215
171
508
113
122
473
249
232
821
485
548
370
179
493
590
737
659
93
132
646
623
663
25
939
283
549
838
486
3
794
585
697
371
203
46
35
121
655
733
843
722
745
62
468
503
969
164
812
969
268
339
580
760
619
921
399
728
265
480
601
882
459
219
623
342
820
619
942
158
869
154
19
665
648
107
112
851
833
685
169
311
895
550
51
714
366
403
248
148
76
424
651
980
534
730
746
245
727
336
172
153
936
686
139
137
783
896
560
784
592
239
138
433
428
220
238
923
476
776
267
217
140
31
68
199
958
241
4
482
78
835
670
405
164
957
873
874
986
59
255
187
217
982
337
812
324
968
44
376
574
170
947
292
271
242
483
3
861
622
217
511
591
965
432
455
869
662
568
824
269
223
94
239
150
509
161
616
622
859
100
583
539
650
89
980
750
617
756
471
656
101
540
144
789
932
537
105
608
614
572
129
201
510
450
695
580
677
974
990
9
483
211
700
67
826
541
873
155
358
466
656
255
138
519
193
131
321
256
452
482
661
619
683
523
132
627
79
142
118
155
976
890
516
847
93
20
747
821
882
731
946
237
526
353
441
936
727
759
563
117
229
109
579
524
964
416
964
263
68
422
96
273
40
277
493
233
225
8
911
825
126
41
611
600
170
495
92
765
855
200
721
222
285
165
567
279
602
343
845
516
628
521
602
815
181
915
3
927
644
165
17
257
338
339
717
954
330
839
542
848
120
302
305
808
188
22
864
356
951
570
921
426
962
336
377
107
38
124
30
62
516
69
884
939
817
933
782
130
671
661
139
714
955
922
17
198
876
429
516
997
971
145
242
786
219
894
65
886
728
844
386
672
804
123
569
361
104
100
464
840
347
385
593
49
674
394
448
997
621
892
256
16
612
431
337
355
984
706
432
773
171
217
950
816
951
713
787
822
624
507
865
526
781
346
238
211
916
359
100
627
572
148
129
662
997
392
54
263
429
995
511
748
69
630
768
675
926
65
220
143
130
840
426
902
646
225
585
354
561
36
150
887
957
542
828
284
305
172
617
699
575
557
692
593
271
785
132
123
724
890
510
628
245
936
526
932
813
404
146
755
875
658
149
361
824
629
816
976
264
892
102
648
185
658
713
318
528
788
345
251
150
68
890
781
410
533
241
390
299
456
123
210
643
703
296
395
115
719
53
721
364
548
162
207
475
395
206
341
131
874
88
632
779
587
956
451
941
185
273
403
643
892
704
439
394
437
22
672
38
277
742
282
926
675
181
227
422
962
901
478
609
83
956
229
71
794
868
721
559
556
804
489
770
909
261
998
357
999
662
930
984
2
217
635
523
845
644
385
680
857
412
19
488
681
656
940
209
467
796
555
835
204
789
35
999
202
807
96
250
925
370
651
965
908
460
397
433
936
365
900
469
790
941
404
486
291
637
737
248
874
159
828
501
575
123
411
979
403
253
373
884
623
875
633
89
210
244
61
975
224
793
59
846
645
621
537
485
773
740
391
116
146
878
675
732
503
276
907
832
110
227
431
55
244
396
9
178
979
547
390
782
640
472
668
551
954
51
531
68
227
681
717
286
711
638
674
446
863
495
967
835
714
746
496
754
956
830
911
948
646
884
551
954
532
935
161
416
956
437
106
0
17
912
299
757
30
146
413
986
572
967
557
681
580
38
20
643
919
320
751
333
554
214
787
18
163
696
371
920
746
976
662
183
750
931
132
569
255
362
504
714
836
105
748
496
890
526
242
498
913
379
794
359
430
231
234
928
707
761
591
131
111
453
281
829
291
554
226
413
94
817
743
378
521
147
426
883
794
393
56
255
848
504
75
381
449
71
218
664
687
392
658
561
314
246
648
62
288
307
716
52
935
534
933
176
635
224
203
593
34
161
698
977
856
348
824
391
613
714
729
79
420
537
377
715
334
810
737
905
319
880
198
224
503
725
436
888
745
812
223
780
770
559
412
400
642
673
972
170
490
479
448
350
502
505
809
399
712
743
85
986
596
428
382
412
344
570
180
680
455
270
380
797
782
611
504
656
338
659
938
97
744
644
449
812
297
550
665
608
159
453
742
246
739
144
656
531
281
76
781
723
192
954
19
198
736
797
367
769
927
692
847
174
453
944
195
357
324
25
977
315
531
71
990
293
208
920
986
949
34
244
905
382
744
86
189
723
309
347
792
511
16
935
257
213
299
108
37
651
21
107
279
254
486
661
74
95
123
739
531
307
655
949
999
260
402
203
48
172
953
663
786
290
408
891
988
716
309
180
786
843
841
888
609
724
842
963
511
44
291
603
225
92
438
992
192
928
308
745
737
441
293
98
294
574
329
730
557
871
589
100
233
790
602
231
361
400
755
155
669
312
952
39
541
74
427
291
616
927
44
155
689
137
130
211
239
511
49
317
882
904
788
779
948
370
594
223
473
887
914
337
352
619
94
729
401
617
446
335
172
462
808
149
770
569
844
603
998
651
386
170
219
578
549
601
741
389
525
595
816
227
634
119
680
257
30
615
461
304
99
611
392
450
101
779
622
658
48
18
750
909
753
860
168
369
438
499
626
26
679
848
357
138
993
651
537
204
513
898
513
832
911
882
714
648
219
777
921
372
906
659
92
590
164
846
461
409
606
354
484
795
478
169
131
890
301
236
43
574
33
509
798
717
115
732
908
484
470
18
314
373
638
649
113
820
511
380
937
629
235
846
486
965
170
240
908
420
747
12
464
551
125
492
387
955
377
82
104
802
123
229
247
325
67
221
1
362
699
485
456
331
382
980
809
618
712
365
858
963
581
252
246
817
878
87
352
605
843
79
942
450
426
721
614
617
941
639
117
798
840
871
303
436
487
476
74
160
775
206
172
193
893
667
771
894
850
168
489
135
301
962
927
467
745
539
478
34
260
813
652
573
18
744
247
990
946
279
447
256
782
835
226
516
990
601
397
716
696
766
615
780
282
263
62
742
109
645
911
236
253
213
14
492
180
98
779
854
358
794
357
266
329
713
620
113
109
3
206
844
260
747
148
351
622
983
294
946
300
37
849
664
581
718
260
710
513
143
796
921
514
511
215
370
729
133
414
770
204
370
958
727
608
782
254
133
681
889
217
871
611
879
842
865
406
583
28
79
838
860
236
194
792
944
909
989
107
855
761
292
91
340
757
729
313
916
173
41
245
828
894
539
712
750
280
454
61
771
261
593
907
845
103
902
390
624
874
90
302
287
566
461
99
918
508
682
340
962
320
720
193
436
0
377
514
22
377
449
411
305
891
58
157
592
977
538
746
332
568
218
707
240
408
898
873
731
925
675
843
281
701
363
509
273
552
251
275
376
330
503
628
371
813
170
162
675
238
37
665
615
629
476
957
841
618
921
868
398
244
333
346
860
277
160
653
942
49
117
858
711
428
989
320
925
523
351
686
738
928
502
742
724
37
671
769
817
895
830
526
520
540
382
775
466
625
957
96
158
258
480
503
880
753
344
521
36
217
615
408
89
186
745
246
539
776
769
371
961
319
696
547
830
221
401
850
441
790
756
633
348
999
50
247
992
945
363
407
192
979
24
819
578
549
109
94
421
450
793
167
685
771
756
299
599
288
113
636
636
855
769
642
556
347
562
177
735
739
951
930
837
269
909
99
253
391
463
148
342
502
933
336
182
714
106
421
656
913
752
487
399
539
349
605
228
316
73
604
705
188
973
78
162
144
517
824
169
569
342
593
999
830
531
418
517
394
135
7
793
366
679
730
461
832
254
604
758
153
650
136
600
861
665
833
845
568
722
677
218
314
281
916
898
373
392
38
947
506
922
611
344
288
582
176
172
98
232
691
951
187
254
508
541
468
338
353
87
759
118
96
971
878
852
256
938
636
853
386
446
794
930
654
181
101
974
308
536
512
313
506
627
91
342
373
681
368
675
265
494
612
980
602
30
957
698
240
822
867
128
361
529
493
40
785
907
183
83
438
939
525
823
393
363
884
87
976
35
952
979
710
616
935
737
503
274
414
979
96
490
92
799
861
12
763
952
511
25
815
198
573
160
259
622
386
152
84
41
813
204
95
390
642
590
676
776
830
196
57
225
384
433
52
337
68
563
774
255
886
616
647
992
390
505
57
636
811
560
953
568
306
923
929
523
285
829
657
699
103
228
88
152
182
201
966
112
5
923
483
904
889
123
200
979
956
935
260
841
685
693
210
590
331
736
763
191
676
333
239
616
113
180
76
225
74
769
795
867
11
293
624
810
96
63
12
683
529
295
987
107
217
401
660
278
835
850
58
339
820
643
453
425
139
860
501
170
555
971
604
886
544
537
412
946
562
558
327
606
551
316
895
749
327
243
97
340
200
309
867
336
233
658
511
552
875
652
91
150
46
335
397
952
485
291
29
948
95
560
280
487
94
615
47
378
613
935
160
621
185
334
860
192
348
93
540
320
988
644
887
691
749
120
721
997
584
654
882
435
299
667
193
12
981
668
196
944
83
378
70
828
775
911
850
363
364
136
473
980
737
773
599
342
434
635
124
336
97
737
251
798
394
714
219
661
807
312
380
522
599
528
403
839
873
87
719
221
825
317
438
324
930
264
519
10
362
422
777
428
186
298
156
100
236
226
283
718
521
402
529
254
880
47
166
793
841
877
367
754
166
347
530
691
705
817
893
320
321
349
643
280
202
468
532
804
45
986
823
228
429
888
461
361
168
245
304
655
607
469
186
299
409
220
790
368
992
810
861
859
464
285
783
98
974
843
152
677
185
132
951
726
163
131
655
342
922
17
269
213
265
693
983
290
35
982
125
806
49
949
958
83
702
612
817
756
262
429
107
105
211
476
453
911
324
948
662
729
944
683
481
533
620
687
357
637
225
775
689
103
172
502
531
185
222
845
16
720
455
544
261
862
867
766
130
239
347
299
621
339
174
848
586
266
270
925
31
237
719
502
531
90
730
978
377
605
869
658
422
815
588
228
849
971
553
165
500
800
567
897
771
394
235
173
388
719
426
287
279
620
167
889
272
171
40
74
385
375
883
900
698
615
9
568
54
875
848
722
889
180
574
466
83
315
282
291
404
938
294
663
50
292
287
778
605
998
995
941
656
589
24
409
961
262
537
663
658
781
232
318
583
682
549
850
576
989
471
12
580
956
144
802
882
817
416
34
641
940
177
28
220
364
41
933
519
616
850
212
629
68
955
270
835
832
537
211
30
719
846
331
482
138
636
713
438
196
377
38
9
991
127
146
868
893
11
449
890
365
632
300
48
188
892
559
346
664
766
883
996
513
692
153
888
17
179
543
992
84
308
39
761
203
620
932
399
709
125
122
698
807
31
476
610
198
106
864
839
145
558
653
754
162
21
359
467
950
461
761
504
801
86
135
199
671
905
955
387
585
24
179
88
574
71
768
687
985
611
0
704
450
47
631
402
786
93
340
400
603
421
263
365
686
504
820
176
61
565
49
189
307
415
907
705
645
78
598
799
223
78
124
331
240
48
90
554
246
898
501
605
156
666
645
515
196
526
946
821
513
297
218
714
676
263
423
41
985
150
28
850
534
533
547
172
263
657
579
670
855
671
933
108
34
513
883
314
445
569
864
560
968
396
636
492
833
659
817
775
367
648
578
242
330
14
205
63
168
758
624
195
518
376
276
925
215
216
739
731
46
349
352
636
925
471
161
365
935
778
182
881
721
343
353
273
214
371
58
124
831
715
463
452
333
96
626
237
934
92
709
76
586
185
896
479
36
865
277
322
777
826
244
736
827
211
305
608
98
86
389
736
177
621
947
155
566
771
614
466
318
989
630
882
869
748
717
373
113
21
282
827
883
806
433
951
6
616
907
125
227
422
527
642
56
948
62
325
76
789
416
45
827
498
587
933
412
810
83
42
38
934
749
570
782
50
347
537
28
596
255
580
42
472
485
601
644
562
944
320
835
562
385
557
832
738
302
240
812
196
250
702
429
955
343
274
77
164
202
935
946
286
251
749
366
359
45
415
62
23
683
803
368
259
725
384
699
393
186
396
599
288
821
998
710
753
907
556
386
362
758
470
950
583
179
235
295
902
516
982
920
104
778
249
217
748
321
767
574
302
11
664
118
188
294
357
137
102
258
456
613
828
497
455
94
955
320
118
356
451
938
597
155
672
120
661
256
522
278
190
784
251
991
608
981
242
882
994
716
444
788
218
166
940
570
301
632
405
35
882
541
827
385
145
387
430
75
672
881
539
335
714
788
616
650
565
617
193
243
437
384
57
185
220
232
968
3
578
711
108
324
46
139
940
7
436
287
556
173
680
645
657
628
65
965
590
761
554
222
894
725
109
938
447
840
26
998
63
696
570
484
324
970
551
143
398
318
450
623
791
168
784
288
862
566
133
348
531
173
755
27
54
664
588
603
127
78
65
200
690
41
965
807
721
56
233
905
585
731
791
346
120
462
711
578
577
767
403
393
934
752
885
843
981
397
456
38
1
794
941
971
321
781
698
611
367
786
329
150
117
179
469
547
887
834
297
27
345
16
223
774
329
929
233
679
993
133
862
726
982
122
851
204
287
843
162
468
821
241
10
402
88
33
262
164
773
937
642
192
103
177
319
378
745
594
376
873
696
191
338
659
318
796
801
897
791
742
406
447
866
375
848
931
963
267
139
104
62
407
383
802
335
23
345
456
715
143
304
490
479
691
184
911
806
554
538
888
274
345
107
156
689
731
193
515
180
806
966
477
163
539
986
306
859
124
810
885
349
540
557
955
712
122
654
771
843
254
951
872
413
165
269
648
750
365
13
263
724
185
870
509
283
987
279
512
700
938
977
122
763
304
204
945
497
296
134
350
765
545
180
872
195
295
223
386
157
410
450
221
871
10
999
883
884
566
241
919
617
772
730
892
229
694
909
18
29
945
893
354
629
336
774
355
781
20
340
793
485
236
0
221
254
534
579
268
206
856
178
361
161
516
283
597
681
726
307
761
217
458
991
375
124
461
853
452
484
858
942
250
402
239
198
83
410
839
660
714
88
817
680
535
134
292
995
335
106
937
901
679
75
986
832
985
355
782
330
507
264
208
273
995
941
514
91
867
946
271
947
130
329
611
722
98
651
676
363
806
442
690
804
94
239
146
375
513
201
213
929
370
241
787
362
62
148
653
903
291
974
478
941
153
30
740
878
611
96
811
95
987
893
394
359
86
735
248
703
605
936
751
581
295
735
690
177
262
528
910
785
620
9
514
119
816
997
294
508
406
459
361
848
256
554
960
431
170
164
599
719
985
947
754
884
450
837
235
164
447
908
142
621
786
183
88
588
258
47
484
148
74
544
396
81
316
947
770
942
714
430
921
388
890
3
879
714
774
769
514
650
574
620
834
41
692
606
411
959
406
859
945
574
886
180
653
930
603
917
908
998
204
460
482
938
513
719
891
342
232
750
328
315
594
954
485
513
490
989
279
828
103
62
871
10
352
344
293
489
572
531
87
947
712
71
246
949
648
843
603
138
200
282
223
358
586
629
633
828
879
961
716
247
47
20
625
199
682
912
525
363
206
305
374
943
184
749
766
659
315
413
951
365
474
31
620
387
656
68
754
258
430
205
262
560
185
731
729
419
484
611
245
555
910
251
168
77
56
932
23
197
839
941
333
734
946
607
29
992
955
827
786
59
149
570
636
925
161
69
164
454
293
844
286
564
990
487
902
843
295
93
207
646
732
514
667
930
792
644
833
683
59
68
316
507
77
861
47
409
719
403
875
87
212
185
171
390
264
684
973
521
111
183
563
140
708
586
660
31
790
431
926
496
320
459
430
967
507
307
17
386
111
507
561
113
37
438
669
558
533
683
829
410
924
343
122
252
4
385
771
956
30
17
991
713
155
266
295
763
364
577
909
885
422
572
144
111
104
746
312
401
966
604
6
351
907
266
458
744
86
139
121
826
378
323
785
198
203
557
850
591
518
270
441
233
478
906
405
870
217
276
108
855
220
827
920
565
906
866
118
406
446
255
547
587
12
543
753
802
830
347
805
53
483
925
551
251
613
352
155
656
591
963
840
784
648
346
763
828
104
543
751
96
189
712
852
604
544
801
357
368
685
92
653
31
696
191
194
540
826
599
328
226
97
150
105
497
212
253
351
261
693
345
993
25
379
760
959
912
233
141
757
753
271
150
223
551
769
423
815
797
15
859
896
547
862
231
402
12
126
814
518
522
351
348
538
555
956
458
429
672
37
801
191
236
197
421
959
777
302
58
642
155
367
719
734
791
681
212
272
729
181
763
282
331
796
588
364
898
918
86
809
515
588
171
916
673
294
55
863
291
102
857
278
933
66
747
587
726
450
111
333
844
33
157
673
590
279
695
917
75
753
425
192
364
705
903
839
11
572
272
258
34
584
658
538
908
46
303
554
906
110
767
185
39
715
606
435
459
485
335
581
437
855
615
798
677
193
632
961
334
382
435
241
311
35
538
324
880
594
474
363
237
997
325
304
15
448
225
385
659
734
739
183
652
871
485
667
165
669
541
577
724
262
744
502
291
41
572
550
943
684
414
109
322
524
22
698
455
549
372
801
17
956
134
885
558
851
67
651
840
187
408
689
974
706
636
409
518
274
406
544
456
567
969
939
424
866
974
9
135
611
90
898
876
86
39
614
147
243
584
743
9
564
160
583
814
193
661
179
758
576
422
193
142
63
260
521
898
226
292
542
381
886
980
502
211
206
184
77
322
276
107
589
413
253
239
584
82
112
499
355
506
711
30
561
841
515
251
458
272
967
856
300
677
517
309
630
906
714
644
170
204
694
280
735
819
770
313
59
824
997
964
694
290
999
601
10
481
878
83
754
344
924
466
714
205
391
292
345
988
268
560
89
46
354
335
956
479
855
343
972
578
113
514
276
151
360
226
575
324
743
847
621
865
45
426
399
483
299
707
986
488
812
707
566
457
167
425
936
628
464
391
593
797
933
916
251
549
580
101
253
995
859
830
196
19
784
2
987
758
912
897
836
21
924
440
82
701
94
230
860
347
154
519
457
179
608
134
505
4
977
965
352
535
326
539
505
6
490
584
503
171
586
991
848
488
307
69
679
367
167
242
683
261
630
248
253
535
293
22
859
675
573
235
200
917
607
785
382
682
947
70
339
636
272
93
936
246
506
70
436
413
402
453
503
145
355
672
256
908
638
19
895
696
924
546
766
83
998
446
29
617
198
102
888
430
139
59
803
21
271
280
733
77
476
798
156
700
688
635
45
629
640
688
28
967
264
58
514
840
205
184
644
955
713
81
189
369
596
34
559
751
460
632
851
475
702
995
506
326
576
666
915
190
315
185
508
17
361
445
881
22
366
254
266
158
352
339
856
218
729
321
797
3
778
440
362
215
244
112
934
603
886
359
417
105
653
335
591
403
293
563
278
621
227
713
105
280
692
341
887
436
965
743
541
341
496
324
797
574
420
599
428
668
292
457
371
382
247
607
942
571
326
196
615
364
39
282
595
880
699
465
771
909
222
887
425
179
591
79
888
713
331
336
489
194
96
520
375
277
460
26
593
510
999
379
1
367
994
864
529
307
424
919
776
880
696
762
611
96
863
908
312
135
411
908
69
758
33
264
897
15
974
856
582
405
358
172
516
780
461
73
508
630
687
236
541
255
558
692
565
678
490
230
805
50
181
697
606
630
635
170
20
631
962
73
661
285
405
396
318
875
725
212
524
523
284
697
175
125
299
826
833
970
45
954
275
774
779
117
946
297
605
393
616
387
514
562
402
232
346
910
159
352
647
842
529
131
744
682
737
24
910
744
570
844
145
115
114
303
706
589
358
488
331
143
567
78
592
407
437
302
619
750
2
318
441
922
360
500
765
61
562
255
911
314
543
159
818
9
912
214
839
833
281
446
877
888
969
98
748
736
496
660
966
6
574
572
336
75
163
783
595
830
976
899
848
581
106
401
169
543
365
423
353
924
52
637
939
758
485
196
565
359
110
851
185
574
691
114
592
548
779
694
829
247
508
21
730
366
161
942
922
79
272
839
464
798
217
881
186
509
976
745
589
412
490
278
53
755
33
768
371
762
739
221
298
883
645
809
430
852
299
75
937
935
186
452
124
539
225
455
384
509
299
677
381
543
802
68
444
16
335
931
92
355
205
712
854
969
651
253
427
72
892
490
94
838
16
416
742
340
483
753
465
489
72
851
457
520
189
657
292
711
874
216
204
912
275
34
843
281
862
657
365
90
455
255
902
855
78
419
809
109
763
119
825
870
663
927
622
296
45
173
651
992
743
499
407
51
681
411
434
257
632
306
49
286
166
893
443
973
70
128
586
546
148
958
228
117
636
828
309
58
334
662
216
203
749
550
415
762
813
115
735
52
984
274
32
348
745
917
448
716
97
637
613
254
519
979
835
577
229
662
367
346
388
985
793
95
395
90
944
634
897
900
376
196
375
198
79
19
872
871
580
340
459
890
403
258
776
310
407
681
206
588
74
691
550
761
974
748
782
859
313
191
570
970
240
365
353
436
291
532
222
857
384
664
677
76
712
94
257
833
214
939
20
427
473
241
675
180
873
632
438
195
116
892
547
522
549
544
340
557
944
243
780
274
509
900
241
725
685
920
427
473
304
799
740
212
432
129
688
61
416
507
819
529
759
122
408
564
640
250
87
535
434
886
823
358
514
44
655
35
641
579
966
283
525
83
263
265
727
886
522
651
165
511
139
622
58
405
44
377
609
195
35
699
313
516
284
134
866
909
645
491
261
774
70
810
389
322
186
625
591
369
138
196
367
417
835
901
376
779
512
981
991
671
344
600
878
784
69
288
341
184
205
546
856
681
691
164
543
318
174
112
329
590
831
299
822
296
749
156
776
916
812
509
615
204
978
154
127
369
490
91
485
172
556
514
677
928
190
735
70
878
617
182
169
441
519
246
268
632
947
549
577
192
608
924
808
791
152
532
896
407
870
628
468
533
978
524
76
802
410
696
401
517
467
988
874
892
631
80
72
511
516
601
461
648
614
532
304
696
686
511
863
327
168
864
88
959
189
842
641
448
659
908
302
28
873
510
852
597
906
222
119
17
453
297
951
861
158
862
96
793
150
820
101
903
938
653
452
825
383
101
433
375
538
758
871
12
983
639
114
559
234
902
499
708
449
937
912
172
134
214
455
887
967
97
502
931
55
551
219
397
333
992
265
398
492
183
239
398
712
274
929
157
59
950
784
394
526
301
313
840
560
508
569
970
667
210
437
650
220
939
487
693
352
844
227
527
950
93
304
591
971
134
512
366
122
477
483
500
149
94
672
689
756
722
719
962
761
711
489
487
31
182
663
196
609
796
622
751
580
939
802
601
889
426
624
380
920
244
20
370
964
400
381
144
450
869
327
305
365
534
514
96
445
55
617
89
857
60
303
642
767
401
341
190
833
916
180
540
203
300
521
701
306
307
442
992
153
263
320
367
327
944
212
733
982
768
174
806
421
721
408
300
191
792
771
374
622
921
929
261
729
287
435
138
730
308
235
774
362
719
777
827
184
212
196
193
616
601
383
982
587
904
220
294
994
626
703
466
163
397
704
643
192
725
10
995
821
70
305
690
624
892
8
753
94
195
145
574
264
768
613
562
556
187
751
825
12
10
823
764
198
77
756
667
269
482
62
14
772
763
543
900
607
278
518
395
9
258
31
242
318
589
195
591
626
176
318
222
415
562
582
709
727
930
940
567
625
585
964
658
700
343
345
980
81
582
520
21
115
683
715
453
492
60
7
843
151
749
731
210
810
931
563
731
869
547
998
880
299
347
363
783
77
316
697
235
486
430
334
293
830
227
657
760
956
740
499
913
823
969
637
344
21
55
701
65
948
4
542
946
827
225
50
305
333
718
792
41
912
943
336
21
136
679
973
352
271
929
796
530
541
477
101
614
861
746
689
636
131
498
195
594
696
681
434
165
533
482
752
692
204
391
597
316
395
240
107
135
620
284
132
561
382
757
437
424
276
342
542
209
124
167
100
156
504
80
613
825
317
340
895
81
912
193
537
258
208
749
43
224
883
170
962
463
85
723
459
458
638
786
495
736
329
585
246
458
72
275
225
719
965
461
161
267
539
623
77
244
770
645
492
797
768
93
961
658
847
141
263
196
533
765
879
408
144
75
402
723
416
574
885
763
105
323
126
556
562
712
198
413
675
362
789
856
538
794
905
593
771
267
35
39
456
398
203
896
823
534
252
586
350
67
282
365
879
904
575
800
62
825
759
679
459
329
369
495
182
343
425
212
295
407
487
329
546
816
577
465
949
943
913
653
965
29
99
309
579
155
365
105
737
157
338
350
749
529
366
529
894
298
485
682
678
403
773
959
565
59
262
252
250
481
270
635
520
570
692
594
470
105
544
478
502
617
239
127
749
989
363
923
310
819
184
286
127
712
398
633
246
366
14
551
114
544
546
123
940
906
609
649
648
126
18
203
460
749
459
761
134
756
122
140
751
276
672
29
14
672
77
746
390
992
504
196
171
926
351
214
53
722
729
519
499
743
557
913
884
849
586
300
332
527
867
59
74
467
297
197
335
806
426
631
422
567
375
259
228
243
201
85
883
931
209
616
813
824
848
976
942
347
133
649
434
125
416
873
246
173
372
900
534
776
27
530
8
6
222
912
567
630
298
131
526
732
840
394
838
29
577
402
809
558
185
532
730
503
546
576
781
9
316
717
802
256
607
680
487
697
851
297
494
345
200
475
139
327
604
517
994
708
725
24
347
140
60
211
677
933
38
221
574
507
733
998
414
675
262
139
413
910
683
340
581
217
121
986
318
256
457
27
544
890
148
924
599
593
177
32
609
293
137
691
816
84
714
360
142
706
248
257
512
920
90
649
979
568
383
932
76
437
808
375
518
413
870
771
925
640
401
561
556
251
349
383
822
181
639
932
153
590
773
59
922
731
821
862
326
707
891
69
788
197
722
470
826
523
854
584
337
103
668
698
183
233
55
717
61
409
468
542
139
931
365
604
15
138
198
266
28
445
905
891
51
632
587
887
320
853
560
833
163
122
495
34
271
399
681
771
823
248
889
72
844
381
597
144
764
630
962
994
62
320
664
676
747
896
30
289
160
409
77
22
398
145
300
623
518
754
362
938
320
475
127
299
728
958
849
853
32
557
711
378
112
924
220
962
863
554
373
179
437
482
60
312
507
968
350
975
583
972
842
868
66
173
394
442
777
322
54
393
912
52
797
406
15
852
197
97
889
479
164
778
74
926
694
76
176
282
475
834
566
43
335
409
308
484
539
989
895
119
791
54
355
218
235
352
901
305
567
247
268
240
71
867
376
508
337
110
442
308
885
634
539
168
615
714
496
625
272
237
510
9
657
728
596
795
440
86
356
767
355
958
50
248
963
25
641
506
154
451
299
540
475
138
785
840
136
757
46
747
811
860
0
493
54
150
657
262
708
271
910
565
174
860
681
204
788
738
844
489
614
103
273
7
20
696
571
89
666
402
753
721
413
343
169
705
444
799
587
231
950
318
979
346
168
256
747
903
601
467
862
566
522
384
997
958
300
609
288
56
122
947
811
109
761
846
23
48
669
915
790
194
605
29
414
430
488
846
780
868
239
11
385
139
734
299
849
426
483
843
175
991
739
983
734
162
223
657
179
326
543
999
68
923
938
300
898
140
921
516
407
816
55
477
357
589
983
585
962
460
885
78
531
619
426
745
112
769
954
192
541
453
477
643
44
564
604
150
787
408
561
272
631
5
991
13
241
552
777
687
548
55
503
97
305
17
291
832
902
780
356
504
967
500
522
549
750
433
964
62
346
279
283
380
326
149
855
503
451
236
575
776
262
476
774
420
721
331
588
871
933
361
500
278
606
639
666
442
977
658
711
38
742
781
239
509
996
59
489
722
905
20
79
424
788
31
834
45
703
939
435
629
27
722
877
644
232
57
966
287
765
335
624
432
496
748
848
280
742
792
522
313
339
760
746
584
488
953
946
781
973
184
435
518
556
474
801
855
536
777
163
594
633
660
994
164
779
516
736
140
514
167
336
135
157
493
836
37
52
139
855
730
585
713
13
47
557
903
195
835
323
915
492
300
918
687
744
194
329
827
829
849
457
499
16
4
211
976
165
733
654
263
578
26
410
37
951
254
912
128
434
786
428
131
112
915
965
448
364
475
123
961
798
677
235
700
535
86
736
681
779
374
382
164
841
909
581
560
569
882
638
539
13
494
141
858
267
260
438
510
435
311
487
725
865
742
465
855
171
268
891
735
189
341
137
616
146
414
59
221
981
680
724
40
386
210
293
736
993
271
47
16
787
632
69
347
59
655
567
549
478
690
27
394
507
900
825
208
128
227
726
667
270
26
10
296
318
304
935
140
656
694
4
379
491
186
309
562
689
563
908
360
341
747
554
771
870
707
779
96
282
865
853
740
294
642
573
139
560
520
885
522
241
418
802
976
14
395
894
852
274
674
56
798
404
753
671
676
760
116
355
547
379
251
391
353
422
915
812
632
835
786
135
753
470
974
773
196
973
61
399
33
498
885
103
975
636
650
608
828
491
778
191
198
73
5
663
206
158
160
243
469
804
15
435
365
240
76
492
909
420
581
516
180
602
515
786
59
689
989
827
367
185
391
10
655
240
479
263
510
465
26
226
285
831
721
786
133
711
824
772
115
930
622
289
815
546
162
407
290
660
459
950
289
245
703
764
131
621
42
489
485
85
741
273
502
954
194
19
726
691
491
870
501
803
380
176
387
890
212
373
760
790
408
18
313
971
320
217
226
385
430
119
599
164
375
205
934
382
106
368
277
791
944
483
117
613
358
102
505
195
996
698
634
155
80
177
344
696
904
908
635
672
970
372
266
966
717
97
793
44
510
663
352
49
444
39
916
31
816
119
893
537
339
547
19
886
937
277
183
885
527
649
844
65
606
901
750
443
502
22
162
872
661
40
84
92
920
730
327
148
189
123
574
168
417
279
914
26
545
210
180
229
123
427
314
320
286
646
825
623
431
421
769
31
50
574
947
24
290
720
169
526
526
272
203
72
370
528
593
401
1
889
370
616
217
745
333
91
662
905
106
638
502
676
750
709
952
594
983
221
435
95
691
854
598
788
60
654
459
826
802
75
250
269
75
501
56
854
262
891
543
975
50
55
676
782
796
270
575
685
850
73
116
6
106
66
722
185
486
468
507
189
353
241
154
451
139
739
671
137
296
335
587
624
377
951
251
441
88
930
520
152
220
823
587
156
978
638
237
409
325
264
625
121
25
696
360
459
102
882
555
257
818
690
786
951
555
265
405
753
622
904
179
756
730
614
80
497
836
580
429
697
513
267
616
899
918
820
690
429
376
156
743
73
979
619
443
76
22
408
630
222
687
109
459
503
731
452
854
686
914
191
117
667
197
631
358
511
74
380
791
780
367
745
42
903
232
995
975
86
47
425
914
224
736
932
653
982
670
492
586
473
298
285
294
958
954
273
348
855
663
582
830
338
689
167
354
995
984
798
95
880
422
826
871
510
678
516
703
894
77
807
7
447
224
450
760
929
972
549
722
229
553
280
608
163
994
318
986
362
126
548
327
983
117
100
471
882
271
340
201
311
177
316
52
922
703
825
337
218
730
28
738
227
591
610
716
99
240
512
703
726
703
43
622
790
384
5
260
109
973
822
254
351
607
156
837
206
324
597
501
805
610
641
69
230
953
885
99
282
257
710
105
923
356
728
70
943
189
183
52
393
518
95
595
366
11
805
880
2
935
918
42
415
186
996
304
91
34
862
235
291
311
193
133
731
984
175
729
456
431
249
380
970
741
897
258
238
585
866
196
697
562
715
544
462
735
785
370
807
149
345
938
23
696
135
72
972
397
272
899
688
5
990
158
664
815
47
761
153
312
96
750
81
411
307
70
490
528
177
53
881
731
303
75
36
891
520
658
670
530
74
642
510
107
187
618
60
912
289
953
561
367
591
266
784
727
515
32
291
997
494
23
981
106
300
728
503
577
310
549
705
551
57
419
935
729
272
908
731
887
580
484
184
686
254
910
234
862
585
768
383
482
602
464
0
230
753
853
315
941
231
461
600
8
922
630
495
345
9
958
29
302
725
924
902
123
271
720
811
239
543
595
183
414
338
690
688
0
135
213
200
379
741
9
975
222
594
633
553
438
858
895
936
581
732
761
914
241
596
336
863
747
687
645
507
319
261
542
649
452
746
992
654
625
609
833
624
780
183
952
453
975
255
426
897
570
793
298
731
138
118
653
95
808
90
964
938
479
157
218
861
557
811
207
705
973
598
16
765
464
93
513
558
949
896
243
200
431
503
477
175
291
804
948
877
795
536
204
32
378
506
913
422
114
411
79
762
12
757
645
982
508
443
871
774
720
550
453
813
362
843
830
636
27
777
495
959
154
853
349
983
756
69
401
824
795
278
892
413
147
202
818
349
407
278
852
922
483
732
212
668
318
12
256
605
916
560
527
866
963
59
321
319
685
592
562
457
784
856
252
860
566
211
867
136
438
317
254
757
697
734
769
831
576
636
523
109
854
80
302
174
571
262
301
564
252
69
733
606
406
885
240
748
988
13
59
233
445
563
985
625
683
369
150
497
382
750
474
583
300
126
895
918
57
596
176
768
602
523
235
268
244
765
897
969
898
0
834
999
208
536
606
423
369
559
194
476
730
812
52
569
302
618
244
871
764
613
275
226
901
747
161
422
476
661
279
870
753
670
335
758
652
335
370
42
150
253
333
227
996
150
561
622
420
891
775
221
16
635
917
373
919
364
738
715
293
486
136
60
774
86
458
672
236
768
62
335
535
815
923
967
287
807
96
680
99
415
721
870
386
507
959
520
312
810
932
8
212
20
92
972
778
545
384
77
755
255
902
364
161
323
799
399
818
964
252
817
849
604
398
388
959
90
581
173
604
916
116
373
199
714
838
899
232
990
839
946
694
185
4
641
278
318
782
179
5
373
760
691
825
515
432
56
369
889
896
863
342
565
71
604
444
989
895
359
844
207
215
208
872
228
146
992
754
301
673
442
502
499
599
431
54
994
906
100
913
494
472
124
491
716
860
723
51
218
381
515
550
639
303
749
893
393
592
95
368
536
179
144
715
492
419
448
50
484
122
312
604
548
582
613
38
336
785
97
797
166
693
159
543
682
383
54
469
922
722
387
65
356
169
696
236
958
40
764
118
168
56
869
502
972
634
893
98
809
527
557
849
824
497
637
892
831
459
261
540
740
266
539
125
733
210
646
291
41
806
106
388
708
54
189
457
625
60
127
881
232
56
406
8
359
824
306
371
318
450
750
248
5
249
580
25
181
348
312
906
870
676
243
687
495
710
883
96
881
978
79
951
955
141
694
904
10
795
811
703
825
888
410
595
458
942
227
976
640
963
939
954
841
475
991
480
118
729
316
768
297
656
246
808
267
975
807
54
368
113
748
736
391
790
560
559
193
818
256
157
944
667
871
671
505
849
520
588
410
670
928
147
681
546
931
928
568
136
699
789
14
259
598
803
953
553
597
543
683
583
86
246
22
629
150
552
517
822
712
485
113
467
792
517
898
20
579
889
153
831
491
462
530
857
589
483
715
282
615
421
106
410
654
733
342
216
493
642
98
385
709
913
131
611
760
568
681
963
373
989
83
677
242
230
50
902
393
318
443
814
649
135
938
785
190
662
340
889
231
343
97
585
489
940
470
194
378
223
640
54
479
410
143
68
304
515
336
745
336
700
851
558
4
613
725
777
421
272
636
645
355
955
65
707
868
557
722
783
806
116
429
724
591
526
710
5
176
161
424
966
793
926
374
133
720
477
331
490
799
352
130
70
146
829
332
553
851
120
800
196
531
341
742
929
304
401
433
813
341
952
654
673
26
823
434
847
659
252
957
476
89
776
600
564
448
982
372
35
58
647
593
633
619
797
753
157
880
513
605
58
84
825
1
320
321
251
920
735
909
826
936
896
510
605
592
70
831
657
746
363
267
176
909
568
145
281
141
201
915
396
854
910
318
675
437
322
609
103
489
111
936
577
12
493
324
933
230
616
538
794
387
415
649
380
48
327
320
220
468
867
0
879
194
538
793
367
498
797
418
182
581
623
162
984
585
607
959
227
547
669
251
996
936
725
578
35
336
862
678
254
964
783
536
970
331
421
884
236
757
25
276
625
467
921
908
576
418
235
283
80
643
210
11
972
12
567
835
408
428
188
872
258
479
14
689
301
265
324
453
878
792
416
325
811
987
442
238
820
120
120
225
516
182
908
786
921
871
953
590
785
445
833
393
952
814
448
390
309
656
335
211
206
77
218
941
667
96
149
864
456
121
290
40
952
379
226
390
526
979
175
312
346
321
133
154
488
752
388
973
554
40
830
871
93
52
259
625
929
320
347
720
320
322
729
283
8
671
788
176
249
284
531
437
715
470
709
507
611
475
100
778
866
886
107
78
659
307
964
785
958
775
132
239
122
405
886
484
92
258
239
951
891
441
247
482
796
444
418
131
995
355
890
933
668
135
564
140
768
948
645
150
903
305
604
279
397
600
750
902
319
147
30
579
283
359
406
483
165
697
777
236
791
783
461
897
325
60
354
136
321
911
682
515
792
509
969
32
731
601
84
920
843
102
358
584
41
555
539
885
55
32
806
694
211
321
568
424
893
681
720
114
131
7
961
546
565
32
902
739
98
78
8
797
102
566
742
488
854
456
245
982
192
99
651
778
385
809
848
300
124
901
0
673
857
38
788
79
88
785
571
369
722
162
501
694
164
600
317
76
370
33
554
766
820
129
261
684
176
437
443
352
387
920
822
80
461
330
136
392
589
734
617
831
657
820
807
294
574
697
936
498
468
542
932
764
362
612
133
357
70
555
213
697
77
676
267
309
346
480
190
493
626
776
864
885
639
419
961
497
307
369
63
288
429
690
152
741
149
863
468
918
210
875
328
281
771
709
340
593
684
77
443
662
73
279
20
45
395
347
777
280
175
838
783
985
820
421
54
800
651
587
173
997
573
136
898
886
568
586
28
243
442
431
838
26
385
96
717
589
680
732
546
293
480
779
286
580
321
43
559
468
437
569
804
831
325
729
642
36
943
668
427
331
69
538
684
910
126
252
967
384
397
294
514
166
247
209
318
904
182
851
192
540
612
153
766
661
776
802
166
837
39
290
825
557
317
235
225
97
121
539
908
3
679
489
185
853
821
813
28
371
489
361
741
757
253
523
33
972
171
748
215
988
165
511
17
223
336
747
177
432
350
862
120
652
944
361
105
289
542
891
918
48
724
797
788
264
712
870
658
316
158
743
817
343
887
395
731
604
565
829
723
369
824
891
766
53
914
413
49
163
944
178
122
63
144
211
602
568
493
670
590
493
535
614
694
178
759
75
822
11
933
903
346
415
124
606
364
884
217
115
874
74
128
271
30
747
285
681
890
139
407
783
360
698
765
332
714
676
590
330
285
322
667
268
363
189
829
849
230
219
54
661
533
346
531
725
406
802
683
919
986
184
635
916
419
478
662
19
356
304
336
477
314
733
504
538
341
418
438
382
398
102
464
310
433
842
369
120
623
951
777
538
557
687
130
576
881
68
573
406
753
738
413
738
154
169
967
939
846
318
803
369
157
351
181
493
64
564
948
552
733
950
724
173
303
352
832
562
560
535
896
493
555
985
649
903
912
672
561
928
28
571
391
829
986
715
184
639
255
693
43
388
421
232
858
422
421
177
603
966
670
902
99
433
102
131
417
887
672
693
305
367
63
693
457
86
182
231
745
695
504
837
626
955
995
171
78
173
306
336
295
169
218
692
280
896
388
470
426
487
412
336
65
185
362
262
388
801
958
229
441
357
503
944
902
576
83
556
765
958
364
354
565
530
406
43
658
721
970
508
261
819
413
689
376
381
829
29
194
981
245
185
745
762
928
395
643
871
147
661
752
840
611
683
319
50
45
947
680
329
969
357
97
801
267
853
648
541
153
356
196
124
232
834
967
211
856
432
373
6
399
338
620
394
27
582
596
205
425
496
229
964
914
478
417
105
363
512
978
209
297
560
951
652
339
84
836
21
822
482
299
919
52
88
774
657
543
219
150
882
550
533
218
266
62
885
7
340
189
263
602
826
924
478
728
885
623
34
219
407
969
879
562
464
15
820
890
883
943
170
52
945
347
599
464
89
182
611
573
889
92
437
632
129
929
501
316
507
198
407
87
881
970
624
11
173
310
362
282
806
658
71
289
528
629
374
668
404
172
367
820
996
505
562
739
923
583
769
765
547
798
629
803
477
739
157
419
72
748
304
476
783
947
178
475
394
904
934
343
727
11
242
731
682
254
750
371
673
72
930
616
331
171
214
301
222
537
445
640
290
362
913
639
246
318
154
579
843
194
326
319
853
312
354
725
436
564
936
665
131
951
705
149
57
248
61
523
719
434
642
739
420
326
567
147
512
698
779
238
202
625
376
580
686
592
329
123
949
997
40
212
718
986
938
994
274
553
848
879
59
525
355
565
618
485
682
154
174
304
231
913
731
249
564
581
979
752
512
37
306
112
772
885
563
567
838
804
197
3
775
911
687
120
858
462
299
377
541
407
404
718
564
596
805
468
811
707
884
138
376
318
67
573
303
201
775
50
68
624
432
757
42
969
476
603
865
269
156
798
405
19
254
241
270
955
556
346
287
595
640
796
717
652
852
965
394
595
419
728
892
173
374
655
354
794
268
843
888
781
778
545
184
728
584
450
287
814
461
504
745
67
648
730
905
432
566
139
243
774
619
616
355
265
998
385
842
394
360
212
694
19
62
672
67
144
932
285
989
86
524
383
423
318
12
914
822
401
219
266
894
368
378
996
421
953
261
313
737
506
409
16
507
58
737
480
157
256
198
528
629
940
533
726
844
662
730
625
334
481
885
371
272
393
377
535
146
902
355
982
183
974
369
925
21
356
748
365
222
341
230
408
764
506
75
349
89
260
605
139
687
62
640
116
606
686
585
654
675
717
506
139
784
994
931
110
719
260
292
804
544
707
787
211
294
346
124
959
681
63
218
85
429
861
673
221
248
249
785
972
443
715
713
858
985
234
315
189
763
659
645
39
494
951
110
390
138
506
135
42
529
739
376
109
95
199
587
20
704
505
451
143
111
896
845
882
926
3
561
308
974
539
820
998
41
936
593
372
392
327
799
87
131
788
748
659
874
220
135
423
369
563
660
195
839
912
724
346
921
952
955
559
721
221
379
700
147
143
360
884
778
667
776
382
587
232
783
671
101
496
781
39
603
878
335
603
10
476
63
255
661
974
950
639
858
137
697
56
748
889
852
52
431
64
747
22
835
32
930
238
771
96
289
691
13
826
888
489
111
23
236
801
629
687
288
269
774
542
594
841
752
23
413
191
585
23
613
995
448
873
836
923
330
407
895
62
709
217
924
521
309
979
941
710
159
805
701
776
947
153
48
101
330
707
81
348
592
653
628
731
844
678
829
263
360
678
753
743
898
840
213
777
531
490
242
900
928
932
780
409
777
278
418
797
859
429
17
268
437
763
39
991
971
778
866
352
836
633
919
819
731
15
254
78
163
68
201
385
950
468
835
309
716
571
963
226
79
988
501
412
879
271
234
398
233
790
462
130
539
783
611
866
434
843
201
521
781
918
92
120
99
544
599
656
658
660
531
526
762
734
931
798
971
307
793
457
372
352
839
665
930
705
237
538
7
523
994
894
574
41
579
913
321
859
873
140
611
538
199
442
700
416
192
17
32
426
352
764
281
970
175
358
773
678
859
633
160
450
374
376
585
513
793
384
792
724
433
411
339
719
825
279
578
641
530
341
495
722
458
461
904
785
549
275
410
352
275
341
857
91
798
420
858
63
239
301
581
906
444
21
341
807
133
278
45
576
442
16
390
872
958
561
114
656
710
180
239
701
252
120
325
782
124
221
737
888
51
503
858
970
921
905
409
96
949
627
682
252
992
806
987
964
122
45
299
262
947
872
707
531
960
382
432
127
7
769
489
376
103
71
90
119
534
305
64
707
509
186
754
746
336
202
520
687
50
379
473
675
463
793
209
704
550
423
698
96
577
891
500
951
244
710
787
485
141
927
119
409
902
482
792
643
360
507
587
313
570
39
830
714
252
939
827
26
438
969
838
63
758
839
773
469
677
408
190
121
342
136
160
806
422
216
519
556
501
528
761
244
283
117
929
711
698
237
206
239
882
949
66
847
659
617
166
54
956
243
409
303
270
182
834
733
578
89
745
969
239
775
76
383
995
57
194
282
643
975
332
960
212
948
931
903
453
205
960
205
354
765
706
409
684
159
468
63
532
660
210
3
252
332
251
269
353
310
308
395
907
308
975
270
701
177
496
28
943
931
699
153
875
123
54
849
8
457
727
876
793
711
498
339
837
969
51
422
332
443
710
868
949
873
554
851
880
391
936
449
20
309
684
655
481
163
899
347
159
235
49
837
472
70
818
861
478
579
235
112
974
849
184
191
439
504
43
820
325
653
920
65
273
766
257
292
998
458
993
548
131
818
680
810
336
361
907
801
812
640
425
988
508
721
179
792
62
606
559
183
798
215
198
531
578
995
779
608
297
620
766
763
801
400
317
2
561
360
202
627
718
320
59
447
181
700
536
233
472
249
701
501
980
454
511
140
823
33
427
804
655
807
302
525
256
722
623
788
59
559
513
345
233
541
998
36
730
239
519
415
418
42
326
384
68
29
108
519
135
354
718
335
320
45
407
878
541
759
154
541
531
892
384
932
126
0
694
268
141
655
938
435
805
870
978
816
797
720
104
915
386
20
295
371
181
344
758
314
54
285
62
301
484
484
408
175
193
971
545
178
882
152
119
65
345
847
961
41
224
238
772
60
236
391
466
442
622
736
978
151
386
658
252
427
612
683
486
915
556
763
952
319
152
135
422
713
5
449
581
447
559
438
213
152
517
462
721
149
958
648
334
955
469
413
252
652
376
648
583
969
143
638
499
603
558
997
510
233
367
247
873
378
976
326
387
233
273
629
829
289
601
912
857
151
786
886
38
667
639
781
768
985
274
179
489
69
830
437
860
140
206
63
430
263
878
456
280
83
598
642
164
626
487
905
713
810
44
133
109
64
11
215
200
402
503
414
736
753
793
375
807
229
343
466
909
947
612
837
103
464
796
782
393
438
54
695
984
843
311
691
518
924
823
807
565
921
682
958
967
709
162
957
889
64
652
136
519
740
343
270
830
471
151
316
559
954
874
809
737
727
826
471
318
372
325
498
81
858
913
612
6
248
872
957
485
882
308
319
921
834
932
366
37
995
522
95
59
955
5
347
263
255
368
444
275
908
864
545
197
719
928
95
76
4
623
936
805
648
909
11
2
877
662
540
361
423
984
590
658
601
542
401
373
306
470
99
909
22
966
742
691
83
201
926
991
455
684
469
305
445
884
285
240
212
584
471
134
77
778
865
158
131
325
540
941
971
694
541
838
787
555
474
874
402
490
280
825
3
569
272
128
72
692
445
534
987
368
116
378
895
664
881
765
130
185
273
642
285
70
146
460
715
717
176
898
196
632
238
880
244
568
362
57
248
458
851
709
731
93
982
162
303
20
47
882
698
859
566
145
513
780
386
434
509
972
189
543
243
598
734
830
113
629
894
593
917
324
13
396
711
520
506
279
514
942
454
201
723
486
649
642
70
501
594
670
183
890
17
351
59
269
279
249
265
720
181
349
542
824
332
868
884
999
939
827
606
918
312
782
275
276
699
909
927
335
787
695
350
81
244
533
89
842
151
607
288
606
613
798
556
778
143
314
236
904
98
311
719
698
11
406
313
753
361
114
497
100
829
569
59
109
124
490
90
857
838
159
807
258
621
863
318
652
384
947
351
577
645
333
884
216
48
930
695
46
8
813
529
766
54
211
938
418
460
322
842
233
484
485
939
617
526
591
932
984
789
944
507
976
100
960
363
129
59
392
127
159
716
626
611
836
736
15
417
322
669
684
500
84
631
958
741
687
634
185
900
76
336
577
855
30
420
175
572
852
104
822
26
89
932
545
117
825
772
440
777
346
915
306
376
73
865
782
143
23
499
20
554
70
0
64
46
66
194
402
757
933
669
502
642
954
406
403
679
277
326
611
531
985
73
60
305
934
91
169
15
888
318
70
358
262
334
823
954
980
92
872
796
519
387
438
547
409
108
33
349
238
221
372
805
438
447
134
152
33
306
35
443
736
613
442
168
482
867
445
671
913
679
454
905
605
572
246
562
431
390
171
433
866
93
732
958
47
738
116
465
56
291
172
181
957
942
363
740
644
233
300
559
9
655
510
504
956
801
631
256
17
842
537
983
434
949
904
86
626
462
627
457
506
991
654
748
905
196
113
491
710
553
450
652
222
225
848
298
280
587
38
753
203
613
681
552
768
135
107
229
979
415
15
217
807
87
721
33
508
540
359
542
521
618
79
863
537
322
975
109
767
741
823
516
307
842
76
967
81
786
619
786
271
682
988
943
925
103
310
750
611
865
297
354
314
531
923
536
874
904
861
283
650
566
396
721
241
697
385
654
30
644
964
966
798
985
117
928
85
719
791
512
596
974
301
384
891
764
938
832
586
974
685
849
338
779
139
406
74
374
153
502
801
4
207
948
594
474
388
959
568
920
18
529
960
126
317
870
14
241
128
892
103
716
688
707
712
232
995
431
520
993
147
199
854
913
356
278
763
733
726
821
383
7
576
66
844
980
373
56
983
378
187
264
948
615
382
130
9
68
984
835
196
386
116
803
5
604
697
936
144
957
788
595
740
427
826
623
65
977
513
732
774
657
528
688
753
193
718
55
455
174
332
266
251
464
740
158
65
163
816
530
857
881
744
577
447
819
248
149
77
544
815
396
660
286
194
627
323
254
274
304
54
745
887
160
327
65
881
76
187
578
176
251
839
550
916
421
719
557
388
703
854
486
473
30
8
115
99
10
304
986
584
406
713
50
844
918
191
580
920
56
796
628
232
512
547
404
869
369
18
832
590
298
631
835
684
582
145
821
187
302
558
293
259
5
781
613
103
915
748
269
586
536
180
288
887
329
83
341
393
875
153
770
141
93
586
894
643
479
824
557
311
332
197
914
484
188
710
267
785
453
532
464
179
592
622
452
966
322
817
140
6
929
674
645
565
928
781
365
551
365
32
604
552
515
414
801
296
132
431
836
562
226
156
327
60
639
226
441
479
618
607
846
153
643
8
490
122
928
600
235
912
678
402
739
739
675
133
140
887
944
953
15
857
901
857
815
936
677
515
46
688
796
770
993
147
8
393
211
309
724
975
546
943
949
367
700
229
101
111
401
598
111
7
687
251
594
118
932
8
387
768
375
720
561
563
203
747
786
759
137
519
766
475
118
170
514
596
694
135
719
910
448
64
288
322
671
878
690
828
488
970
474
73
55
52
714
828
870
773
134
114
474
446
234
824
939
213
164
352
670
673
581
902
463
852
405
34
599
558
803
410
458
498
885
288
751
750
806
580
622
781
229
214
953
161
54
646
808
683
496
515
650
60
229
202
878
12
795
619
708
941
830
263
484
913
914
285
777
209
650
433
977
734
440
343
350
170
20
548
331
244
14
105
920
147
143
981
530
321
406
869
949
781
687
792
383
859
527
594
883
174
136
682
450
831
430
929
179
215
783
195
362
515
140
977
235
890
856
792
575
794
838
194
321
374
467
968
221
914
511
474
847
682
457
10
798
616
789
601
889
504
78
362
639
839
842
249
500
505
658
590
998
462
298
604
214
101
512
854
728
992
773
178
140
762
488
904
594
804
730
622
357
574
598
994
740
277
974
216
170
539
255
313
124
130
890
393
281
103
570
626
298
105
953
629
644
531
819
512
201
170
338
961
760
754
932
933
162
817
334
674
999
665
492
397
536
880
700
460
501
455
101
234
418
789
891
47
63
618
362
784
932
995
171
735
121
940
513
158
207
592
47
713
338
166
572
16
868
797
262
897
272
225
774
300
346
140
678
608
288
440
698
39
175
902
706
829
62
683
620
893
153
776
49
664
626
386
514
674
299
230
581
347
947
171
276
680
97
330
925
165
588
248
522
844
591
306
923
697
691
341
972
405
420
808
469
719
484
266
802
548
997
221
292
349
391
926
603
57
172
297
656
522
182
115
98
359
249
943
81
221
411
665
839
415
298
477
334
941
257
203
731
592
197
119
14
545
612
570
159
528
801
166
674
2
688
410
405
646
866
841
290
410
152
244
806
691
781
354
855
709
68
819
506
272
630
670
192
240
451
307
599
404
402
176
415
550
16
355
421
395
272
605
132
311
143
430
948
988
600
28
385
618
439
641
996
540
551
647
842
109
459
327
230
117
741
385
394
121
636
457
628
591
56
379
687
517
461
871
445
735
604
637
743
577
950
368
740
822
225
200
532
75
338
701
183
767
876
376
577
389
720
104
888
732
668
824
973
162
460
724
303
406
259
102
920
399
461
778
267
128
161
58
426
792
699
702
743
454
296
913
209
351
722
45
341
580
104
972
229
648
335
195
81
781
341
516
987
788
758
967
62
979
55
597
324
24
817
609
745
151
722
921
275
546
137
59
912
772
771
44
237
696
182
414
150
197
791
154
487
154
820
692
711
719
939
216
964
724
433
256
409
341
983
102
282
288
412
413
83
9
291
1
20
443
145
167
99
825
789
444
189
14
418
227
205
541
3
230
270
821
413
749
918
287
838
149
244
83
378
78
814
557
591
98
373
982
570
350
354
431
403
965
932
864
783
284
574
107
656
35
812
359
516
359
289
258
225
983
50
793
402
815
20
904
811
688
834
99
140
416
132
151
421
968
55
928
921
826
364
238
593
644
699
97
548
869
943
771
59
765
847
482
340
955
821
553
783
775
913
429
791
693
26
959
646
422
812
323
941
244
530
633
486
669
261
224
457
9
843
918
123
765
963
932
40
208
834
135
976
622
360
997
728
487
533
369
984
256
547
538
587
589
456
234
148
603
327
411
302
741
161
69
268
994
673
168
100
402
583
398
900
894
383
209
875
918
534
412
628
375
396
811
366
770
277
782
350
123
109
182
270
769
987
191
569
279
381
349
403
546
929
538
931
38
857
745
872
571
497
797
672
238
713
702
477
795
662
914
280
302
261
402
573
570
788
845
947
510
520
906
554
174
905
312
449
475
476
417
340
552
298
698
783
425
188
193
441
117
715
998
601
858
77
623
303
142
888
467
569
451
940
974
699
814
920
801
874
84
165
62
473
976
741
509
617
636
742
233
975
180
103
489
691
525
878
517
257
763
272
120
741
915
339
431
856
162
493
828
135
869
471
728
7
561
259
637
821
762
70
84
320
6
446
704
584
105
957
182
330
828
846
886
1
979
754
425
372
802
595
175
592
573
953
862
443
871
817
549
199
467
594
22
601
292
472
738
228
521
156
578
161
830
705
57
240
694
148
813
601
834
452
501
885
546
390
330
610
12
730
371
659
650
533
19
90
95
154
103
249
188
665
125
283
544
591
905
251
614
374
671
843
148
314
266
547
67
253
850
63
763
764
605
462
707
393
999
792
282
304
500
671
590
705
385
125
176
24
179
268
103
916
567
109
533
451
426
106
40
979
694
396
445
28
857
114
937
731
410
129
48
392
472
197
460
584
898
750
185
488
640
116
410
275
598
782
14
578
163
23
896
102
943
786
733
11
776
18
911
888
675
849
819
25
508
245
684
622
290
143
989
634
874
828
327
129
151
692
271
553
561
783
325
888
714
473
946
354
282
764
225
29
66
518
580
773
344
851
938
424
643
653
360
777
951
393
861
685
913
858
25
646
128
284
245
877
150
136
760
255
78
253
820
466
791
928
704
773
850
208
936
688
922
628
804
891
252
405
197
839
558
652
39
22
734
325
957
821
670
682
635
902
260
903
431
418
968
364
150
584
209
857
105
996
567
237
570
256
794
162
364
192
254
64
435
324
598
873
696
746
300
386
34
715
123
764
424
788
769
222
119
252
990
543
72
928
869
723
705
364
668
197
412
202
723
936
385
139
763
262
592
866
705
368
65
824
102
707
580
140
310
433
847
456
732
176
795
227
363
887
455
948
588
857
525
208
546
570
894
169
75
596
815
550
922
387
689
396
800
125
741
668
737
406
193
586
314
874
912
226
73
689
831
258
105
755
570
786
341
807
167
401
804
667
19
312
88
897
168
765
762
73
676
990
893
453
336
981
917
182
749
34
446
955
165
81
551
661
615
675
462
687
907
419
13
119
249
672
619
368
835
521
494
368
403
730
862
882
252
238
364
909
881
848
341
888
403
873
269
18
374
683
949
85
104
660
207
328
671
14
963
269
264
425
629
202
598
114
381
70
226
977
228
827
866
428
925
761
204
241
298
63
577
874
521
940
631
581
168
150
116
843
236
447
560
892
296
652
537
790
134
186
700
863
612
208
13
791
345
422
331
17
274
329
888
603
697
967
418
181
668
512
797
29
166
319
755
242
338
417
151
618
899
720
400
510
950
970
566
560
345
803
158
211
341
60
19
494
597
666
483
300
204
403
166
452
267
712
277
290
628
797
740
754
985
717
660
847
406
119
968
524
806
324
71
193
305
698
868
733
845
230
400
577
32
74
706
518
112
182
902
70
221
742
951
17
322
861
771
541
800
776
794
701
48
104
306
454
867
224
159
445
622
900
675
718
863
177
951
971
884
617
982
524
385
161
79
312
47
285
9
706
36
730
318
697
466
458
243
266
78
163
2
963
671
982
597
367
327
819
107
931
432
775
642
54
849
83
879
657
40
181
816
42
143
348
717
815
76
971
455
693
651
637
572
671
959
922
100
56
630
885
221
522
804
621
530
663
488
664
112
10
571
317
959
78
686
700
163
428
723
254
130
53
888
303
739
646
568
307
339
586
215
104
16
965
283
429
783
698
332
341
178
272
814
787
114
787
434
682
953
635
68
884
391
918
591
80
419
347
881
69
895
533
964
326
846
175
785
35
122
264
420
201
906
386
76
470
411
757
92
848
701
549
734
12
713
811
404
251
444
491
564
24
369
469
965
375
652
115
358
390
332
384
313
775
153
516
694
554
73
744
872
123
225
873
537
116
337
165
65
518
498
93
217
108
316
257
394
378
871
816
981
947
557
109
84
317
76
238
368
701
817
830
867
816
39
960
544
77
261
7
87
29
559
188
528
788
132
165
68
484
371
846
182
697
384
426
324
76
674
741
443
766
539
778
474
188
565
997
683
190
233
336
364
620
249
788
57
281
152
348
88
303
971
208
718
384
518
377
62
775
2
601
847
425
88
836
560
932
322
58
479
691
872
97
510
866
507
412
227
393
981
750
350
916
371
761
387
96
607
494
794
527
389
840
812
245
543
472
424
470
773
549
92
644
59
645
12
240
500
898
422
134
819
495
521
864
600
383
504
669
170
238
827
50
485
823
762
362
933
82
575
52
19
128
430
867
179
604
339
408
610
944
940
38
641
4
735
741
42
925
429
988
366
425
498
896
791
635
877
179
199
133
600
388
129
64
956
543
839
232
671
530
539
943
511
759
373
831
294
175
284
878
227
606
26
382
443
26
925
534
825
493
924
948
219
446
589
143
479
497
267
245
834
61
801
686
44
871
417
405
534
460
189
431
770
986
263
772
883
501
675
933
272
23
933
286
151
45
396
194
790
647
772
704
951
751
659
936
506
348
209
247
680
133
328
694
220
251
301
131
210
34
42
460
572
936
523
627
756
697
570
210
149
7
962
796
816
452
130
705
927
528
71
858
205
367
673
730
564
946
815
135
727
460
583
587
786
23
447
122
387
86
927
416
917
936
999
119
396
901
985
125
990
711
29
249
150
281
247
44
209
187
784
245
275
768
908
345
642
857
118
949
206
653
284
778
579
968
698
485
720
716
610
593
650
103
23
126
976
898
676
930
920
180
948
205
849
568
348
411
134
204
743
222
329
94
582
783
105
477
672
505
253
182
556
883
269
997
229
501
127
175
636
438
856
992
810
83
975
711
173
482
121
717
314
892
320
588
527
188
145
870
605
720
757
902
228
725
620
293
446
963
693
607
540
992
756
543
140
233
492
850
427
954
107
589
52
389
139
807
319
387
36
605
675
518
462
729
736
437
378
23
984
525
860
313
425
663
744
422
38
180
711
316
473
710
175
659
402
347
789
851
134
956
777
877
953
110
960
800
387
78
948
767
92
870
196
93
422
855
137
767
291
585
822
409
497
68
882
393
702
985
584
346
515
460
434
844
646
871
613
83
804
488
712
989
366
841
963
754
744
269
606
771
145
561
474
430
903
121
563
736
395
447
935
736
421
730
827
657
317
434
970
565
28
125
397
677
681
122
816
114
135
285
872
958
523
942
849
32
593
744
679
613
384
454
795
751
283
30
905
716
776
172
444
920
50
641
862
676
706
296
624
729
951
249
116
728
360
914
839
348
110
828
71
628
52
800
270
582
927
314
338
179
805
166
954
352
702
953
581
265
545
54
744
730
750
473
824
210
673
200
291
804
409
461
610
200
314
540
931
799
259
7
39
449
705
845
729
829
146
914
966
407
405
222
744
611
99
690
3
106
998
341
913
685
150
341
728
289
993
249
535
834
726
624
358
858
494
422
856
266
779
388
883
82
303
119
602
757
777
40
785
942
700
683
805
872
320
916
458
595
856
269
390
184
116
239
776
716
832
740
299
488
834
136
841
470
891
767
676
477
264
116
808
98
694
133
83
850
910
958
698
329
297
566
550
779
852
822
587
298
53
981
365
188
777
636
727
909
117
510
456
286
268
807
622
493
791
90
972
41
930
287
483
122
408
499
225
282
229
115
189
937
953
66
712
938
821
800
957
824
532
318
144
408
699
234
297
772
905
380
121
787
355
619
409
463
914
917
158
183
84
771
792
849
229
674
712
481
465
624
974
766
785
900
351
125
476
594
485
209
11
55
669
400
818
850
52
563
583
782
733
513
392
12
889
361
507
484
211
201
61
223
210
476
757
765
690
697
882
593
676
283
935
872
593
621
860
148
316
630
12
90
954
826
267
115
983
128
184
74
458
62
896
95
350
185
334
604
544
330
923
174
979
574
937
660
746
514
23
141
278
45
716
259
140
627
447
850
130
19
507
943
590
798
654
965
943
550
877
987
751
935
261
208
610
817
173
418
574
508
724
20
827
36
303
195
499
816
880
38
412
483
342
274
891
760
509
22
154
516
216
872
120
874
108
938
169
211
708
781
58
280
687
761
500
290
983
702
905
260
946
663
187
379
832
133
30
260
872
937
788
486
678
493
439
61
509
0
845
517
389
893
782
536
430
695
582
513
274
76
671
267
686
729
72
233
483
37
99
253
581
674
188
140
328
867
818
95
306
238
697
586
16
583
446
95
423
708
807
48
589
702
199
468
692
1
587
431
985
831
100
409
710
615
380
110
967
274
978
268
483
938
596
404
364
582
464
992
501
821
705
747
932
771
159
899
717
658
997
600
424
863
74
810
542
783
789
779
524
9
134
972
405
142
416
67
979
170
11
259
807
536
382
85
790
323
98
347
510
917
840
359
816
171
671
151
163
409
928
273
869
990
450
432
300
550
667
826
286
647
154
589
955
58
200
16
547
249
345
514
554
721
546
260
457
107
327
360
661
722
253
325
919
944
460
182
191
183
206
746
311
537
41
618
638
262
619
931
85
857
942
85
133
453
108
63
330
556
676
498
344
675
425
676
514
897
21
510
56
518
666
939
470
193
523
226
17
727
139
606
680
654
113
879
13
151
91
557
92
509
891
188
272
610
794
200
606
568
891
72
423
479
743
729
246
515
583
415
704
799
620
826
930
8
806
632
945
406
251
577
469
898
624
483
649
834
23
255
816
646
589
947
143
406
541
945
190
790
489
708
754
142
845
328
958
419
232
717
207
620
898
157
180
761
212
120
886
106
894
463
204
774
641
634
143
917
246
762
695
63
824
226
157
812
426
432
771
782
228
865
379
252
18
641
460
5
8
926
936
829
501
158
212
721
857
824
387
195
593
987
359
903
908
353
386
282
750
686
271
341
211
616
313
452
249
181
489
594
28
430
226
952
907
919
738
232
480
801
183
33
157
907
723
704
192
892
501
41
61
606
558
911
450
884
607
821
996
904
77
623
49
614
659
820
173
742
327
253
676
200
645
949
809
118
398
879
588
375
998
655
985
116
991
454
702
942
786
807
99
25
995
698
27
684
77
313
700
486
998
7
387
646
34
484
178
204
807
557
649
393
165
862
665
271
749
186
755
65
715
188
848
1
398
217
550
891
899
207
561
41
211
771
613
977
245
415
823
682
49
474
715
753
904
767
971
797
930
531
824
352
741
480
917
549
454
874
455
643
885
215
567
91
416
122
370
667
532
182
670
707
804
980
421
376
755
65
686
127
798
748
856
426
660
975
173
76
852
876
585
737
595
718
561
602
725
216
364
122
864
536
992
17
152
141
89
969
149
43
301
486
512
302
31
514
624
700
991
786
202
548
339
732
539
345
506
992
335
499
424
46
725
982
20
960
670
845
139
642
257
122
840
258
687
108
121
259
496
336
716
865
418
853
633
635
980
943
583
419
765
125
214
123
226
760
496
428
322
415
846
282
676
401
510
483
535
39
850
289
816
126
793
9
525
221
342
595
752
136
318
561
313
985
910
925
272
950
696
984
645
621
374
681
753
343
971
953
538
96
405
554
812
733
74
279
972
519
484
797
923
146
156
87
795
609
277
158
756
217
183
995
801
540
276
774
140
690
371
578
926
300
322
463
753
5
445
191
44
489
766
970
666
703
846
446
954
592
325
105
452
642
387
842
831
119
440
481
623
15
376
185
286
301
31
971
997
37
829
264
307
781
568
289
58
335
631
388
644
280
107
842
427
521
328
930
697
623
651
946
702
98
641
39
203
275
15
99
553
471
839
909
713
250
673
656
500
280
916
709
755
479
789
890
540
292
328
331
277
44
907
256
177
984
473
804
890
212
485
104
507
436
947
238
310
640
92
971
882
110
984
705
235
967
26
184
899
620
81
833
835
881
297
963
933
241
388
344
815
785
936
321
238
225
136
842
137
583
342
471
779
165
748
200
539
370
796
795
961
834
52
511
571
644
486
657
310
631
4
763
118
405
291
464
488
427
362
245
767
998
479
342
472
783
845
110
562
565
575
642
322
988
870
364
121
498
979
95
533
509
642
652
184
10
936
707
272
73
792
638
135
494
611
407
38
128
160
453
897
259
581
604
380
588
366
14
608
658
422
879
775
886
200
8
685
970
876
85
66
230
916
185
607
200
976
561
120
695
395
722
416
378
71
216
597
86
675
315
767
218
917
704
41
168
802
318
384
342
746
493
383
400
840
639
600
825
565
10
673
691
286
716
488
903
257
349
231
790
302
763
500
816
95
155
829
884
705
113
853
684
572
620
764
298
435
147
396
437
164
832
475
551
447
420
402
770
457
501
852
675
185
480
81
405
387
938
58
826
171
85
589
50
129
242
581
434
380
506
431
675
744
767
906
300
898
891
223
853
882
498
628
264
517
419
516
518
379
942
302
679
9
354
660
414
853
351
933
594
295
242
632
281
776
185
52
632
665
643
389
981
447
727
53
775
761
667
627
141
955
480
350
742
832
470
381
663
399
23
618
563
82
359
219
721
402
617
620
882
724
699
29
915
176
19
906
42
732
556
483
615
647
104
582
515
350
882
61
33
359
908
72
665
369
5
110
97
450
881
2
942
912
845
368
34
205
937
347
845
858
556
490
822
983
354
902
564
706
415
893
125
527
350
505
560
868
664
198
785
780
304
310
333
987
585
533
10
516
27
748
639
301
10
152
360
246
13
171
965
804
732
376
243
739
278
814
999
506
734
630
55
562
36
230
469
230
917
477
424
404
674
293
585
28
885
66
491
979
925
915
978
80
356
921
243
865
932
244
406
222
665
963
217
986
777
671
720
115
755
647
612
809
11
390
736
822
578
889
61
745
185
624
390
1
97
259
991
951
394
712
133
11
617
217
482
596
531
487
88
83
660
311
660
660
118
956
575
216
622
829
913
802
435
860
801
556
144
749
433
470
15
631
890
98
126
939
605
322
922
382
802
714
155
657
143
474
14
985
106
588
801
284
302
182
353
573
0
882
12
159
138
840
95
2
32
854
752
353
710
140
341
850
769
73
204
373
914
569
321
987
47
966
257
176
823
316
791
165
664
803
537
896
217
737
101
914
513
756
387
212
883
810
247
779
893
175
974
708
908
212
189
387
111
219
193
886
512
83
834
588
380
948
446
747
736
922
176
377
577
903
134
123
233
524
389
415
454
657
645
778
529
406
905
793
543
213
879
134
750
764
820
239
589
389
821
156
700
244
647
557
186
256
270
314
726
794
18
175
110
686
220
787
559
83
83
564
460
149
767
776
339
893
607
505
986
972
839
838
632
853
169
931
977
29
598
132
182
490
795
825
268
627
903
287
466
25
625
632
767
110
818
500
111
530
433
583
103
331
887
751
527
176
201
151
304
893
976
274
241
135
361
48
135
722
107
560
386
529
411
531
28
535
437
449
214
645
672
512
24
549
887
738
190
631
975
608
99
247
206
598
701
556
344
343
969
316
567
405
413
391
952
44
131
967
95
528
703
64
891
936
394
504
769
740
25
116
73
478
634
330
261
488
131
93
976
159
862
776
851
702
930
303
514
567
15
646
53
611
479
425
469
69
56
913
317
24
598
64
339
605
873
239
579
950
210
300
787
751
335
577
679
781
652
39
625
467
697
567
319
658
742
309
460
278
85
59
773
835
952
978
79
616
212
700
597
706
335
489
701
107
235
981
64
920
872
126
849
817
685
994
824
404
520
269
808
474
257
520
503
108
330
119
834
833
614
859
306
380
112
88
700
883
365
927
675
828
468
522
488
326
224
757
482
417
656
61
262
177
997
452
306
491
952
316
121
975
987
351
774
922
815
996
555
115
477
873
432
405
476
714
14
972
209
596
871
267
425
923
210
745
69
560
678
309
192
801
26
830
808
224
262
756
763
660
753
3
835
572
401
287
790
999
800
892
995
609
211
760
370
710
774
161
105
36
114
35
24
807
354
438
763
470
800
654
983
978
641
726
460
294
594
83
413
378
395
708
215
857
47
982
954
755
72
801
413
480
368
828
916
72
42
217
35
292
243
215
754
965
595
658
984
435
64
618
548
827
713
72
361
921
370
544
999
136
933
16
715
774
795
451
713
734
692
294
410
769
316
9
743
944
91
359
181
549
823
947
791
923
740
828
43
606
270
975
656
812
766
294
538
809
509
326
497
58
157
51
230
902
842
500
931
675
499
88
964
402
385
269
684
341
124
434
760
904
156
786
678
81
635
726
518
59
301
403
303
668
298
801
248
487
612
338
265
502
642
896
37
563
555
450
702
350
65
832
520
973
492
562
73
783
965
242
752
474
345
177
355
204
908
402
564
520
779
563
330
875
295
877
848
149
923
854
678
229
676
463
620
375
603
178
337
24
218
728
700
16
493
278
523
527
92
430
755
294
165
343
774
293
446
240
832
901
785
114
314
945
576
66
31
123
728
796
688
936
280
640
595
471
29
207
408
798
405
776
523
567
111
726
746
499
375
273
320
690
396
151
905
451
600
894
251
463
73
541
414
172
65
334
698
255
237
583
424
951
860
94
710
149
317
916
938
154
903
981
584
244
949
67
729
315
992
10
278
578
409
521
776
551
603
461
922
425
684
445
594
367
856
20
974
417
290
413
33
965
862
62
542
402
992
339
573
393
934
994
217
81
710
864
739
675
8
233
399
151
791
338
287
668
128
783
900
244
288
125
44
10
147
424
263
429
600
667
555
563
966
583
404
589
561
746
328
929
635
264
403
43
301
499
217
391
346
826
47
551
984
678
746
948
832
156
351
586
565
524
433
538
104
299
560
134
156
718
459
479
996
740
575
640
539
316
617
641
334
618
109
51
329
541
234
978
89
935
740
108
603
509
839
553
817
247
576
983
761
376
43
936
937
766
74
700
872
206
622
408
839
755
184
427
917
139
600
509
3
723
507
983
689
941
452
693
772
534
702
806
741
675
938
886
529
805
447
12
360
823
688
981
952
747
577
632
434
756
584
532
40
569
382
438
637
97
700
435
423
305
659
816
552
698
648
973
631
876
136
535
522
707
694
200
669
283
152
61
833
384
913
795
683
778
600
394
521
389
300
329
237
546
785
964
570
387
921
273
8
991
76
825
515
532
59
345
523
971
203
491
256
588
141
899
838
467
44
568
354
620
587
658
440
215
740
635
423
972
91
966
18
562
306
751
730
251
741
130
829
962
295
170
386
386
157
62
98
223
130
839
359
369
487
412
427
952
902
295
245
583
236
183
918
379
251
826
164
781
87
956
649
29
749
473
308
84
631
204
930
466
262
481
231
604
25
436
613
687
48
380
479
703
668
38
702
542
260
882
571
862
130
72
978
215
356
213
952
933
983
996
262
596
479
204
521
175
695
773
775
739
39
400
229
321
464
625
681
306
889
582
83
552
12
890
907
198
46
81
859
36
987
724
811
431
860
352
193
737
131
91
161
987
173
575
853
126
805
876
85
89
572
461
243
998
598
517
913
612
272
390
938
541
308
554
775
126
731
307
611
222
482
554
629
194
510
312
918
280
295
321
368
367
242
228
175
272
845
343
676
27
290
722
205
21
353
696
20
823
730
683
662
401
516
833
746
439
165
870
597
458
610
40
0
497
671
379
23
23
195
58
806
806
643
730
153
613
319
964
963
908
538
259
566
972
907
490
393
657
582
128
331
340
306
788
155
883
439
569
85
506
320
447
871
309
874
346
950
39
506
603
435
43
466
347
765
570
396
63
16
776
406
709
960
77
894
874
493
794
699
493
598
215
714
770
201
372
155
374
984
164
798
400
210
783
159
693
714
452
65
234
903
507
600
997
126
773
170
109
910
326
654
852
726
468
94
251
617
431
12
961
119
716
662
439
307
139
807
220
12
906
852
477
422
41
394
668
992
793
717
123
843
538
618
786
641
822
481
437
360
934
255
299
386
149
80
258
157
179
302
318
727
772
928
464
508
23
858
397
332
221
877
339
356
588
317
923
537
641
441
416
845
381
692
563
465
433
577
382
22
193
399
921
986
745
582
280
449
742
364
422
719
584
707
354
343
464
97
108
341
669
902
910
580
501
836
908
350
211
968
842
212
200
983
102
234
571
951
655
310
337
319
820
632
887
853
489
472
80
361
978
352
918
389
334
512
666
750
623
485
527
86
810
436
717
275
302
532
681
619
343
597
129
311
509
141
987
101
147
642
520
379
599
625
376
225
231
592
349
748
403
892
144
303
209
363
883
143
335
859
502
874
504
588
537
303
149
444
85
365
85
678
627
781
676
921
667
394
558
176
744
996
441
676
121
998
238
828
798
910
964
957
146
696
400
961
62
558
4
992
833
401
673
512
341
402
871
492
225
510
372
705
770
236
606
150
36
453
47
512
149
230
198
562
496
603
9
66
965
969
922
723
859
301
713
722
326
487
4
637
564
295
208
116
709
773
608
401
941
487
342
301
493
588
760
63
669
11
28
944
602
381
319
967
477
61
864
900
115
232
158
434
39
844
633
217
205
501
197
21
799
527
279
952
892
459
233
598
741
825
367
506
388
877
859
236
772
878
343
224
755
261
318
682
147
849
256
581
929
982
306
675
774
518
497
967
469
757
837
359
235
167
657
724
604
998
871
671
514
146
992
271
807
43
513
299
525
294
983
246
52
570
101
110
71
851
101
233
167
614
906
126
688
208
668
321
336
212
193
969
754
526
3
553
219
554
373
483
526
991
76
920
78
91
723
272
268
55
151
484
619
518
915
872
22
720
551
330
296
62
714
822
370
24
714
203
379
647
170
119
432
246
873
890
945
12
264
816
627
918
257
937
763
746
526
675
38
460
670
460
35
496
96
796
837
96
769
144
314
67
952
772
561
110
31
920
809
23
772
960
698
23
267
0
415
319
800
846
932
384
352
115
619
676
883
774
986
234
815
238
184
352
395
381
841
512
507
182
109
640
631
243
619
457
62
74
528
316
652
610
415
100
462
320
818
127
571
410
807
387
179
270
543
192
246
553
159
198
646
508
354
18
951
606
269
180
314
158
155
16
317
369
606
695
697
223
645
671
897
945
678
2
56
872
775
409
475
417
496
811
120
919
908
876
861
583
927
166
724
42
853
282
124
11
579
430
981
513
594
391
821
271
155
938
726
381
393
945
711
327
323
915
300
150
746
114
361
812
803
406
989
575
751
25
629
901
494
239
662
655
180
45
229
845
606
756
981
928
422
925
683
120
45
350
287
646
461
181
684
21
772
176
705
843
259
400
44
172
389
400
188
694
811
343
534
399
226
519
945
200
990
108
391
776
271
356
440
789
668
854
129
605
716
750
276
312
416
252
757
425
630
900
481
330
218
265
544
540
439
734
155
491
656
900
115
878
630
407
486
870
115
569
794
850
977
704
705
922
164
58
85
236
642
32
10
991
773
289
224
585
956
513
223
61
633
194
392
650
653
452
378
371
184
611
197
878
259
902
176
242
257
355
957
271
280
304
884
920
358
335
235
193
647
795
721
426
267
318
726
52
797
79
337
28
663
309
893
918
63
525
710
118
844
443
182
107
692
236
607
498
529
618
853
152
762
359
683
290
480
108
487
107
709
236
155
588
677
978
455
426
30
511
273
390
783
603
832
56
853
405
966
269
410
293
217
519
443
504
612
0
543
943
352
179
40
104
795
787
932
756
966
275
676
967
875
771
399
23
619
763
460
758
871
124
798
787
356
729
856
41
863
535
537
495
456
426
601
330
829
488
966
643
678
190
261
829
345
880
323
759
447
639
111
180
538
401
424
274
902
158
274
273
193
614
563
489
820
741
306
712
788
280
449
278
384
466
101
873
649
755
955
195
359
302
980
742
150
738
350
578
896
249
48
577
345
56
596
297
272
624
605
386
339
953
108
683
117
510
370
555
9
66
588
961
508
919
320
170
798
127
60
426
894
435
694
748
252
762
533
446
612
176
738
422
411
505
893
583
903
781
921
386
109
411
16
889
7
199
820
698
824
521
734
352
385
123
702
180
267
408
581
741
246
831
720
462
386
104
766
665
453
674
575
572
723
183
102
874
190
656
536
176
554
755
344
212
392
994
990
984
118
971
125
603
810
187
1
51
289
271
41
33
439
944
558
132
713
330
772
85
571
499
550
995
510
284
568
101
80
556
897
734
345
448
179
633
549
447
217
466
163
953
791
756
838
927
356
686
51
620
701
958
393
991
444
506
256
948
270
866
686
425
668
824
224
369
833
673
385
424
774
723
916
539
621
283
504
4
150
810
23
418
283
160
218
421
358
390
400
565
541
425
164
395
635
299
105
537
671
785
236
1
682
958
433
481
436
661
788
183
924
530
213
7
571
996
308
939
963
560
524
48
986
299
229
448
573
429
860
504
183
173
337
747
336
929
6
423
258
944
701
627
793
68
401
73
136
546
356
368
114
603
4
807
685
289
54
545
536
817
309
976
363
494
865
973
720
578
748
960
70
804
230
778
397
341
12
557
520
439
272
21
482
454
657
8
208
342
614
837
380
975
1
984
699
354
998
443
531
158
814
628
599
338
991
92
24
978
994
935
977
524
30
885
221
6
568
653
855
130
880
954
73
817
841
893
540
505
192
765
169
838
301
417
426
36
317
686
597
374
785
669
978
871
856
146
522
339
702
232
308
713
929
868
808
389
951
469
717
564
257
668
301
865
702
839
115
771
133
963
527
504
749
839
499
719
211
9
425
881
150
416
512
769
473
11
672
341
128
72
113
106
306
918
514
983
418
223
267
257
805
375
622
776
288
549
770
665
668
401
663
304
554
406
581
98
802
967
778
682
506
718
998
7
91
38
655
287
245
139
96
479
7
681
536
71
160
299
891
279
36
394
523
886
466
94
683
365
23
434
996
333
922
576
765
672
423
835
934
84
167
113
895
941
773
655
257
116
212
973
747
665
624
766
94
914
94
757
275
344
505
795
939
947
264
452
982
125
760
943
249
690
51
351
528
285
571
989
668
630
858
190
656
128
164
983
85
610
509
770
214
372
773
379
654
666
969
28
291
346
519
155
756
171
664
331
861
38
164
508
130
754
935
768
182
357
312
203
5
431
38
347
681
158
104
297
628
976
292
197
493
612
915
509
745
859
748
957
577
400
955
896
193
83
7
462
724
321
387
289
799
339
840
560
270
602
818
262
779
28
568
891
771
688
588
526
90
287
544
355
756
762
165
300
373
900
303
269
400
164
348
960
39
72
360
489
842
79
535
375
389
979
775
495
151
375
215
273
418
224
111
889
187
660
727
792
878
140
774
652
754
77
645
130
187
752
612
395
781
103
873
87
554
181
922
394
583
526
333
652
976
164
271
731
606
604
720
477
892
780
995
773
476
97
374
582
547
596
192
997
753
976
784
714
633
822
836
52
148
669
118
596
322
786
233
73
704
695
819
252
396
690
436
706
747
975
958
130
577
558
447
668
249
323
30
428
974
337
920
705
687
524
367
179
781
388
859
30
576
660
335
829
971
643
904
533
307
183
339
302
555
140
141
6
876
492
79
909
91
859
40
946
506
537
158
711
842
114
876
374
836
545
177
87
885
675
658
687
588
53
299
140
899
964
740
399
20
888
790
586
270
921
372
400
254
852
134
4
552
778
715
655
312
608
132
368
625
863
865
176
582
737
908
571
107
290
967
933
426
355
782
461
83
978
953
472
762
895
972
306
140
955
287
616
111
989
224
534
527
575
287
705
496
344
674
120
730
722
274
93
322
137
533
783
807
110
387
239
397
30
88
526
958
156
450
351
562
258
522
98
233
106
827
158
980
426
861
314
653
344
748
399
732
940
306
981
596
172
970
833
858
327
136
113
684
643
381
117
345
61
247
163
499
883
240
250
677
329
484
10
240
156
414
137
386
193
292
598
131
850
248
276
8
732
955
959
236
906
131
775
423
501
603
318
749
280
85
795
326
318
458
439
460
4
841
984
794
403
515
174
507
430
622
909
286
356
604
68
404
336
933
108
217
821
332
657
743
531
573
701
922
929
110
146
313
435
913
319
943
226
632
373
908
32
277
417
587
346
620
478
339
190
148
78
730
497
362
108
546
311
60
545
822
392
766
504
24
207
992
235
246
43
761
661
464
812
768
136
997
985
498
513
225
731
86
211
910
743
334
329
512
721
713
197
179
529
648
460
275
854
979
173
293
152
756
113
671
531
840
496
777
155
766
245
164
40
448
366
645
829
501
302
971
315
658
284
729
673
531
376
378
395
715
504
259
982
979
672
837
310
624
156
23
471
17
740
751
252
744
309
163
202
76
507
251
176
381
379
582
22
390
576
175
16
735
26
383
53
917
706
656
156
488
890
387
826
358
496
587
98
888
974
351
914
632
762
344
194
387
877
539
298
112
678
945
589
147
354
469
685
940
828
774
223
508
378
474
867
683
707
975
694
19
845
733
566
155
343
420
119
996
119
89
325
572
337
885
585
501
670
361
404
508
96
580
571
269
678
13
719
324
282
720
692
274
185
653
870
294
533
92
897
257
441
31
569
787
601
961
2
797
332
590
901
970
981
656
247
589
350
949
406
966
796
26
34
974
944
957
562
484
967
360
39
127
337
455
643
218
540
427
634
312
80
197
774
946
771
965
154
673
115
385
636
407
665
768
846
915
652
892
810
621
53
748
464
789
67
28
190
287
854
286
921
108
734
360
863
298
287
303
500
63
952
145
851
974
850
836
641
855
153
549
553
469
624
645
972
569
56
356
198
314
874
351
16
751
941
35
621
720
597
330
193
545
351
800
942
693
687
218
707
180
695
461
761
28
121
796
967
93
968
549
488
329
707
458
184
610
952
792
643
936
595
523
568
92
239
820
214
999
864
239
61
357
572
415
27
707
846
505
319
282
865
915
891
82
443
532
100
944
872
707
881
6
869
399
559
813
276
529
568
727
334
93
207
920
288
805
164
162
873
343
216
208
502
521
482
569
53
620
413
614
686
337
521
521
608
194
984
986
205
632
539
660
134
109
153
860
7
715
673
252
166
473
807
4
609
41
700
774
257
876
374
411
421
886
814
856
295
117
591
519
45
148
113
948
152
565
372
281
285
654
387
514
126
58
949
232
688
684
192
190
996
795
648
199
211
762
388
94
453
818
741
825
960
296
687
8
814
221
420
716
748
60
223
957
69
138
751
218
744
967
932
129
632
911
68
401
832
219
872
706
767
177
580
593
273
416
686
338
182
292
717
367
934
515
396
15
52
631
620
932
99
548
484
683
655
946
485
489
653
189
321
872
928
887
700
207
612
711
329
684
382
709
626
184
738
178
763
862
164
86
237
788
263
849
817
448
626
690
24
247
807
343
79
460
299
464
356
689
316
574
879
894
829
887
365
21
780
296
433
356
14
220
876
368
654
189
714
513
835
627
316
428
688
396
218
696
134
638
877
673
272
788
796
617
149
887
785
589
720
352
647
761
358
95
93
535
275
168
313
868
353
167
931
713
882
529
942
210
856
984
209
219
176
882
615
209
672
646
808
28
188
326
364
751
802
709
658
782
777
184
236
675
590
393
726
36
379
837
166
854
473
883
707
26
644
257
191
318
680
360
148
260
661
305
355
346
828
461
976
927
106
606
273
51
824
694
424
22
699
871
566
555
690
844
796
244
751
223
718
865
51
990
150
758
426
792
822
436
46
334
638
464
131
689
695
953
777
140
663
923
815
389
998
198
702
236
623
463
799
341
170
712
378
649
255
379
710
492
214
908
916
298
438
654
362
176
261
318
371
615
799
241
494
779
193
275
474
536
524
460
402
314
279
321
405
40
386
871
817
835
986
639
190
146
698
205
905
820
638
350
205
587
214
879
812
642
56
704
323
246
369
731
248
369
181
960
316
364
905
741
239
815
961
680
515
766
972
809
934
828
101
734
729
418
626
446
366
627
119
837
438
977
688
678
316
322
485
700
723
402
769
469
655
259
317
702
820
677
23
109
177
742
93
422
287
247
875
683
57
950
267
424
821
39
893
976
422
239
503
621
673
840
537
78
449
87
680
494
419
837
563
458
878
487
27
6
563
272
849
895
249
394
589
160
944
133
743
838
972
855
774
800
406
471
183
445
199
900
464
329
446
16
241
832
711
483
760
123
701
243
50
738
174
185
525
80
696
387
188
94
994
796
317
285
72
823
802
861
313
179
373
643
690
434
478
201
458
128
315
853
176
299
44
288
945
390
665
548
342
160
451
834
267
847
191
505
234
360
826
901
215
666
456
846
774
88
764
673
255
651
97
102
132
814
38
899
229
153
127
106
475
513
788
706
86
175
509
209
503
419
395
506
269
761
441
908
56
887
941
747
78
636
661
214
734
461
365
662
716
106
933
608
67
872
815
460
569
305
419
127
875
900
261
132
740
656
239
914
391
387
626
741
529
160
47
784
849
573
726
1
652
384
470
334
347
670
958
302
698
542
238
3
250
52
630
190
6
933
837
244
835
489
759
937
976
111
232
964
905
620
760
604
974
309
417
139
177
273
633
703
632
661
568
948
300
579
911
870
358
528
359
220
279
631
49
564
775
693
167
383
387
537
190
437
407
58
877
386
825
67
336
507
347
726
170
788
196
449
178
460
372
864
212
303
615
740
12
764
535
323
327
460
256
952
527
561
176
835
539
317
601
766
800
229
219
653
289
204
876
125
79
471
752
934
958
171
60
519
926
373
508
855
607
675
279
676
901
456
393
983
748
989
595
643
650
393
625
210
423
612
514
87
238
903
668
479
417
594
430
397
582
558
807
463
626
122
900
275
683
62
584
185
31
954
921
382
783
946
896
79
935
8
171
514
68
623
198
60
65
467
101
749
396
88
220
675
45
83
501
608
967
84
439
86
426
142
152
896
536
529
927
972
417
367
81
652
21
318
707
827
908
167
74
625
757
273
276
572
167
235
711
341
867
156
868
275
588
897
399
61
431
896
392
304
856
8
686
846
882
614
950
612
174
955
8
455
525
947
132
118
937
803
906
524
638
820
690
203
718
10
994
410
347
444
991
182
411
116
262
836
480
293
54
964
292
191
755
202
749
131
256
11
354
898
57
464
645
624
52
119
584
527
108
625
408
100
480
113
797
822
128
363
291
771
202
35
39
501
393
340
44
800
202
136
546
476
576
807
587
558
831
975
452
987
885
254
666
140
156
937
773
757
687
474
284
492
792
55
92
873
149
825
196
762
510
875
501
571
451
899
293
620
150
696
291
197
922
334
584
375
879
312
839
935
879
934
848
600
382
447
278
599
627
698
397
791
919
251
386
571
596
667
26
575
328
951
621
485
619
805
733
428
995
980
561
835
608
963
736
415
407
710
865
30
360
747
404
976
863
949
697
746
693
670
2
198
217
932
219
930
17
527
800
688
530
842
972
213
930
301
829
706
206
166
992
289
268
34
403
963
589
434
319
182
149
29
485
464
932
401
493
437
7
846
806
688
670
875
52
773
391
437
448
470
180
750
58
636
345
429
997
179
20
466
714
926
219
427
833
537
821
360
330
125
780
840
985
358
360
281
383
299
48
808
183
373
330
249
595
11
577
693
181
740
437
635
922
316
315
964
958
485
365
811
80
958
1
215
429
819
185
663
207
733
556
425
476
976
677
828
343
307
683
904
407
814
622
325
617
356
229
205
290
917
38
704
172
211
204
893
177
859
100
453
724
624
99
933
513
843
229
63
953
589
769
337
131
252
402
602
171
90
600
358
977
634
765
369
187
891
949
324
855
405
267
121
798
609
401
382
13
110
460
278
661
48
717
814
575
571
126
741
477
632
523
524
859
331
42
963
231
339
262
190
383
483
731
74
906
403
644
919
513
340
329
883
664
607
883
836
421
879
563
465
237
874
10
804
86
415
744
56
0
802
599
358
585
953
731
188
206
232
718
394
637
333
542
707
510
530
582
128
936
719
567
324
441
530
865
453
345
177
966
820
268
108
83
951
930
22
478
147
786
6
134
184
654
115
710
583
180
723
432
693
340
307
607
620
133
532
924
991
334
47
353
91
5
125
387
392
944
996
270
460
843
874
494
540
693
444
376
419
720
96
620
867
475
123
118
287
418
114
851
759
923
794
392
606
808
334
564
51
276
642
151
974
310
663
920
526
307
963
929
7
19
265
118
590
130
244
349
619
71
888
326
281
716
441
85
786
424
318
931
447
216
635
795
835
883
213
324
694
469
202
570
453
386
614
724
800
908
116
104
658
682
184
594
384
345
177
476
217
628
539
941
851
673
882
657
513
950
224
478
804
479
346
725
998
184
8
247
938
67
112
745
405
731
676
772
149
172
320
509
730
215
750
255
285
578
709
582
810
89
174
449
134
735
917
354
976
320
974
372
343
444
408
681
46
836
655
48
905
366
731
178
382
765
585
441
558
326
31
889
540
280
120
164
247
979
823
781
246
867
12
187
180
847
260
192
310
327
79
967
86
950
367
636
439
853
922
227
7
535
323
785
67
512
838
46
169
642
399
256
656
692
152
38
448
606
571
690
636
360
920
337
211
351
561
573
78
460
412
583
824
624
702
571
486
789
726
537
385
841
243
969
959
339
583
237
724
904
578
38
445
702
724
97
928
769
880
524
755
657
70
706
149
320
520
84
104
335
759
831
645
51
627
77
395
106
929
225
797
478
200
268
649
473
254
875
496
227
823
130
255
912
635
716
677
338
835
132
784
352
175
2
202
448
905
126
571
602
721
184
531
26
971
191
954
962
128
240
86
694
389
689
978
479
50
277
651
163
123
746
103
347
745
18
506
879
371
441
668
270
198
445
591
186
994
662
594
347
954
20
653
243
809
767
403
308
596
481
102
792
164
823
87
972
741
953
412
64
540
116
568
539
135
179
280
459
904
368
184
334
858
572
881
236
573
494
290
690
984
906
796
816
377
696
829
373
427
763
712
458
78
201
180
428
481
939
990
482
469
708
873
202
117
24
125
923
998
455
360
80
213
282
909
234
43
292
738
228
544
994
383
44
781
230
441
903
592
849
175
848
897
676
968
933
79
354
640
941
335
193
42
440
288
7
403
664
894
292
448
919
518
632
972
555
300
880
753
565
870
429
593
52
777
449
196
216
819
390
24
212
707
478
782
228
484
480
909
396
924
117
277
229
840
158
893
591
380
41
712
772
20
42
519
458
621
305
867
189
704
634
200
73
393
60
320
11
159
342
444
36
989
292
149
266
209
906
650
392
895
414
868
140
213
37
325
616
745
848
269
427
476
525
238
533
696
682
13
177
540
424
129
45
785
465
435
38
942
811
785
502
720
417
982
131
349
960
543
332
637
992
103
535
757
738
596
90
830
508
991
536
176
529
285
802
384
980
280
746
748
624
864
163
948
465
233
356
108
860
172
787
657
471
203
592
485
582
90
650
908
868
492
298
503
738
674
124
198
310
124
591
803
241
931
999
291
347
362
129
924
892
272
275
921
196
203
693
184
666
297
380
892
481
782
916
17
644
671
862
452
694
723
582
871
161
749
63
406
285
996
154
964
913
165
115
391
859
136
685
433
70
142
410
431
893
425
923
316
882
23
930
399
302
202
605
724
751
929
439
452
710
534
39
731
59
562
796
562
25
455
304
872
156
178
732
341
295
728
260
12
826
116
81
795
33
575
87
145
659
149
594
514
141
540
461
168
246
672
693
874
816
183
733
443
436
58
188
477
313
52
425
835
353
307
531
953
346
997
256
237
686
77
302
816
215
979
988
105
130
473
23
756
0
975
524
553
80
468
334
774
862
409
587
375
766
976
322
446
120
40
834
320
496
842
693
11
393
340
212
978
492
994
31
818
578
992
47
109
780
104
528
884
65
269
933
718
216
10
325
642
82
73
669
363
617
611
991
142
589
490
526
975
728
742
808
377
164
980
489
399
67
746
845
379
508
241
953
830
1
889
670
13
740
529
26
672
475
137
101
738
419
135
149
665
170
381
99
459
909
620
849
429
500
961
448
190
791
237
993
389
830
853
403
190
882
478
30
476
505
288
974
440
104
650
97
284
71
782
460
562
86
627
895
432
69
150
970
889
999
322
564
882
502
978
454
622
880
21
335
714
908
23
347
346
644
259
977
811
118
174
464
183
235
524
611
250
401
82
972
307
818
580
973
271
458
476
153
856
579
109
532
462
581
740
425
127
496
278
830
984
505
446
754
474
426
712
167
257
84
99
755
248
689
644
473
88
93
433
124
836
947
688
623
4
407
53
311
16
671
825
855
277
218
658
657
461
421
248
143
947
75
373
916
650
228
436
853
537
102
239
315
980
945
348
837
447
86
298
343
134
117
271
709
403
551
242
533
813
462
390
478
962
884
285
666
928
335
336
84
66
825
839
195
458
415
989
887
424
758
207
319
925
32
484
389
35
671
575
703
136
183
615
847
804
86
512
215
980
962
20
879
282
719
300
678
831
998
289
237
935
228
980
511
560
195
785
320
21
145
840
217
320
261
184
711
807
153
571
254
934
802
924
113
303
82
906
718
139
293
659
154
922
988
530
33
984
9
769
83
224
352
723
969
298
582
569
601
507
317
32
691
951
799
644
421
14
127
640
804
167
488
74
736
9
929
751
601
383
777
793
49
415
902
57
121
234
856
816
953
934
734
987
106
512
845
238
812
598
289
598
0
127
347
411
393
351
662
524
780
366
687
689
638
355
841
483
138
630
727
565
144
768
100
227
587
119
24
787
627
779
618
541
393
590
216
785
579
68
969
985
135
698
307
330
125
763
442
91
321
525
805
825
507
213
255
144
673
233
688
854
159
83
894
916
332
192
636
252
621
731
322
423
645
577
816
368
520
657
60
52
912
371
708
544
808
245
971
737
544
698
295
218
775
283
114
997
169
253
577
568
815
332
485
190
440
766
598
628
36
374
236
873
811
655
202
724
874
908
967
857
837
451
122
303
611
397
865
8
345
453
37
446
521
865
62
847
917
920
852
772
355
99
325
109
839
368
675
391
259
831
231
782
760
628
435
244
68
311
849
997
993
214
755
64
771
227
181
329
340
729
329
875
866
59
611
310
31
978
198
789
620
637
887
970
60
835
567
734
411
643
152
509
472
493
655
898
494
709
890
489
192
1
169
39
314
469
866
770
598
153
158
787
169
871
413
231
330
672
224
934
148
464
703
994
713
420
954
501
402
187
703
279
438
771
852
668
773
917
967
941
713
386
642
55
470
870
446
410
158
329
793
506
138
442
429
142
200
117
146
163
229
170
177
403
135
399
429
929
380
952
380
855
609
438
761
568
195
911
148
243
363
97
76
773
877
571
549
749
927
357
177
775
47
441
498
327
148
352
117
465
738
187
62
312
60
194
190
305
353
118
660
826
120
380
729
166
179
43
694
894
825
706
904
777
332
784
296
676
781
665
507
797
546
294
573
471
311
531
246
615
163
413
530
551
745
995
608
339
456
930
382
289
888
323
781
159
42
166
505
247
617
11
622
731
979
697
694
489
882
779
722
371
817
585
63
830
868
526
409
576
384
85
443
118
660
38
382
26
722
600
619
70
599
578
42
19
415
786
732
66
516
30
400
612
37
963
705
785
102
762
148
329
2
319
356
79
775
463
33
439
203
633
937
143
701
225
828
268
570
224
489
447
196
237
218
315
300
571
984
614
113
279
351
360
784
908
732
508
160
851
135
953
581
70
33
399
140
230
704
500
952
861
446
654
170
87
813
91
875
432
413
392
60
5
562
838
377
663
523
207
914
435
183
338
465
195
957
642
947
71
580
582
504
516
507
713
574
962
544
980
385
655
197
869
999
578
792
271
851
782
320
293
465
544
484
377
134
788
617
648
200
407
67
524
920
122
871
12
582
601
924
132
70
481
654
448
499
769
892
67
490
171
804
87
354
123
778
958
647
837
350
482
771
561
173
536
733
535
368
506
526
313
242
509
474
645
222
627
26
233
687
356
978
760
701
6
823
167
263
803
618
951
267
366
763
298
571
127
281
803
143
464
444
406
580
29
553
33
636
326
593
314
7
973
254
486
337
206
450
830
321
854
856
612
894
269
692
201
542
591
472
153
94
50
50
347
0
516
798
95
418
865
878
279
32
56
6
234
688
219
537
916
325
907
792
462
201
862
855
997
50
437
658
262
653
403
874
406
151
358
633
783
256
315
621
340
30
720
508
160
10
661
49
537
131
637
541
738
701
43
102
536
809
507
69
163
45
612
231
667
547
130
661
164
759
347
293
584
331
397
855
975
167
748
425
773
270
49
393
60
840
760
210
356
391
990
571
199
283
285
608
474
117
884
295
260
706
526
505
688
959
815
159
609
960
669
180
985
366
217
663
769
22
151
944
701
823
602
748
620
870
683
396
337
910
481
640
559
323
73
463
416
311
625
419
481
631
610
649
663
556
617
858
918
886
964
964
172
739
930
631
728
469
830
65
803
540
790
723
751
165
885
131
862
334
460
724
777
209
381
240
719
274
52
626
881
374
925
649
834
586
784
274
859
280
37
179
255
513
948
375
739
838
880
283
218
453
643
927
175
396
166
321
935
853
424
0
326
113
637
376
513
755
8
179
624
126
717
669
150
756
924
889
245
952
872
952
733
360
433
254
980
368
737
257
496
523
262
427
894
666
814
828
59
740
201
779
211
906
626
38
955
81
407
44
381
793
894
486
600
744
372
618
8
851
190
151
885
623
75
919
96
213
621
154
707
195
428
258
73
751
192
267
7
176
57
979
733
514
877
779
480
766
439
309
497
72
551
991
759
701
402
597
30
784
358
872
666
905
944
812
275
101
151
5
658
970
744
728
930
683
411
139
121
547
56
267
869
778
187
515
820
368
887
230
659
233
276
518
487
625
713
430
585
398
685
37
91
253
65
708
354
7
918
506
180
376
224
527
160
148
832
974
351
455
430
284
886
285
728
566
382
309
77
377
518
790
324
716
145
800
855
548
785
267
741
719
226
346
541
995
197
551
305
577
353
638
402
708
619
40
761
327
835
663
163
898
485
703
954
96
669
425
950
937
511
411
122
441
963
177
725
412
726
402
710
570
49
915
507
863
472
243
804
412
807
436
705
692
808
566
826
580
670
4
787
60
402
808
591
720
954
330
286
611
79
363
835
108
502
249
934
271
393
305
937
518
570
689
496
390
363
137
849
657
729
802
154
799
881
492
744
722
119
654
120
577
283
345
550
937
173
587
58
931
252
412
337
311
241
77
86
400
768
286
224
393
849
20
107
796
864
47
960
656
449
483
400
530
809
813
979
38
624
878
568
894
207
693
643
544
67
732
104
913
973
806
284
590
830
434
853
432
299
93
691
848
638
628
646
337
992
940
786
768
697
470
563
961
800
896
502
958
386
84
521
996
296
538
107
362
792
965
636
833
313
303
948
229
103
553
230
56
960
606
258
722
490
446
911
774
146
506
423
779
55
593
11
236
522
436
672
985
153
243
325
109
822
334
958
425
814
101
43
383
28
830
695
713
143
403
920
619
610
683
731
897
551
947
478
889
955
318
105
319
154
434
814
468
149
673
888
586
869
742
157
236
964
281
395
937
987
382
109
75
556
767
535
608
299
465
146
193
909
191
804
900
439
675
297
225
582
358
658
928
589
560
804
628
606
634
65
437
359
17
976
266
133
614
440
271
694
309
689
367
274
820
557
334
915
531
786
361
216
274
42
72
659
964
939
970
567
139
261
837
159
796